function f = deltaHam3(N)
f=[
    0 8/N 8/N 0 0;
    8/N 0 0 8/N 0;
    4/N 0 0 4/N 0;
    0 4/N 4/N 0 0;
    0 0 0 0 0];
end
