function f = h0Ham3(N)
f=[
    6 8/N 8/N 0 6*1i;
    4/N 4 0 8/N 0;
    2/N 0 4 4/N -6/N*1i;
    0 0 0 0 0;
    -2*1i -4/N*1i 0 0 -6];
end
