function f = ham4(N)
f=[
    8 12/N 12/N 16/N 0 0 0 4*1i 0 0;
    6/N 6 0 0 16/N 8/N 0 2/N*1i 6*1i 0;
    2/N 0 6 0 0 8/N 0 -2/N*1i 0 2*1i;
    8/N 0 0 8 4/N 4/N 0 -4/N*1i 0 0;
    0 4/N 0 0 4 0 12/N 0 0 0;
    0 2/N 6/N 0 0 4 12/N 0 -6/N*1i -2/N*1i;
    0 0 0 0 0 0 0 0 0 0;
    -4*1i -8/N*1i 0 -8/N*1i 0 0 0 0 12/N 4/N;
    -2/N*1i -2*1i 0 0 -8/N*1i 0 0 -2/N -6 0;
    -2/N*1i 0 -6*1i 0 0 -8/N*1i 0 -2/N 0 -6];
end
