function f = norm4(N)
A=[
    1+5/N^2, 3/N+3/N^3, 3/N+3/N^3, 4/N+2/N^3, 6/N^2, 6/N^2, 6/N^3, 0, 0, 0;
    3/N+3/N^3, 1+5/N^2, 6/N^2, 6/N^2, 4/N+2/N^3, 2/N+4/N^3, 6/N^2, 0, 0, 0;
    3/N+3/N^3, 6/N^2, 3+3/N^2, 6/N^2, 6/N^3, 6/N, 6/N^2, 0, 0, 0;
    4/N+2/N^3, 6/N^2, 6/N^2, 2+4/N^2, 2/N+4/N^3, 2/N+4/N^3, 6/N^2, 0, 0, 0;
    6/N^2, 4/N+2/N^3, 6/N^3, 2/N+4/N^3, 2+4/N^2, 6/N^2, 6/N, 0, 0, 0;
    6/N^2, 2/N+4/N^3, 6/N, 2/N+4/N^3, 6/N^2, 2+4/N^2, 6/N, 0, 0, 0;
    6/N^3, 6/N^2, 6/N^2, 6/N^2, 6/N, 6/N, 6, 0, 0, 0;
    0, 0, 0, 0, 0, 0, 0, 1-1/N^2, 3/N-3/N^3, 1/N-1/N^3;
    0, 0, 0, 0, 0, 0, 0, 3/N-3/N^3, 3-3/N^2, 0;
    0, 0, 0, 0, 0, 0, 0, 1/N-1/N^3, 0, 1-1/N^2
];

f=A;
end
