function f = norm7(N)
A=[
    1+70/N^2+469/N^4+180/N^6, 6/N+210/N^3+504/N^5, 6/N+210/N^3+504/N^5, 10/N+250/N^3+460/N^5, 10/N+250/N^3+460/N^5, 12/N+240/N^3+468/N^5, 12/N+240/N^3+468/N^5, 30/N^2+450/N^4+240/N^6, 30/N^2+450/N^4+240/N^6, 48/N^2+480/N^4+192/N^6, 48/N^2+480/N^4+192/N^6, 54/N^2+450/N^4+216/N^6, 48/N^2+480/N^4+192/N^6, 54/N^2+450/N^4+216/N^6, 72/N^2+480/N^4+168/N^6, 72/N^2+480/N^4+168/N^6, 120/N^3+600/N^5, 120/N^3+600/N^5, 180/N^3+540/N^5, 180/N^3+540/N^5, 180/N^3+540/N^5, 240/N^3+480/N^5, 240/N^3+480/N^5, 360/N^4+360/N^6, 360/N^4+360/N^6, 480/N^4+240/N^6, 480/N^4+240/N^6, 720/N^5, 720/N^5, 720/N^6;
    6/N+210/N^3+504/N^5, 1+60/N^2+459/N^4+200/N^6, 30/N^2+450/N^4+240/N^6, 42/N^2+470/N^4+208/N^6, 45/N^2+475/N^4+200/N^6, 51/N^2+465/N^4+204/N^6, 52/N^2+460/N^4+208/N^6, 10/N+230/N^3+480/N^5, 5/N+175/N^3+540/N^5, 8/N+210/N^3+502/N^5, 8/N+220/N^3+492/N^5, 9/N+225/N^3+486/N^5, 160/N^3+560/N^5, 180/N^3+540/N^5, 200/N^3+520/N^5, 210/N^3+510/N^5, 60/N^2+480/N^4+180/N^6, 40/N^2+440/N^4+240/N^6, 60/N^2+460/N^4+200/N^6, 60/N^2+480/N^4+180/N^6, 30/N^2+450/N^4+240/N^6, 40/N^2+480/N^4+200/N^6, 480/N^4+240/N^6, 240/N^3+480/N^5, 180/N^3+540/N^5, 240/N^3+480/N^5, 160/N^3+560/N^5, 600/N^4+120/N^6, 480/N^4+240/N^6, 720/N^5;
    6/N+210/N^3+504/N^5, 30/N^2+450/N^4+240/N^6, 6+210/N^2+504/N^4, 48/N^2+480/N^4+192/N^6, 30/N^2+450/N^4+240/N^6, 54/N^2+450/N^4+216/N^6, 48/N^2+480/N^4+192/N^6, 120/N^3+600/N^5, 30/N+450/N^3+240/N^5, 180/N^3+540/N^5, 120/N^3+600/N^5, 180/N^3+540/N^5, 48/N+480/N^3+192/N^5, 54/N+450/N^3+216/N^5, 240/N^3+480/N^5, 180/N^3+540/N^5, 360/N^4+360/N^6, 120/N^2+600/N^4, 480/N^4+240/N^6, 360/N^4+360/N^6, 180/N^2+540/N^4, 480/N^4+240/N^6, 240/N^2+480/N^4, 720/N^5, 360/N^3+360/N^5, 720/N^5, 480/N^3+240/N^5, 720/N^6, 720/N^4, 720/N^5;
    10/N+250/N^3+460/N^5, 42/N^2+470/N^4+208/N^6, 48/N^2+480/N^4+192/N^6, 2+82/N^2+460/N^4+176/N^6, 70/N^2+490/N^4+160/N^6, 66/N^2+486/N^4+168/N^6, 72/N^2+472/N^4+176/N^6, 2/N+166/N^3+552/N^5, 160/N^3+560/N^5, 8/N+204/N^3+508/N^5, 216/N^3+504/N^5, 204/N^3+516/N^5, 8/N+232/N^3+480/N^5, 216/N^3+504/N^5, 24/N+248/N^3+448/N^5, 12/N+264/N^3+444/N^5, 24/N^2+432/N^4+264/N^6, 8/N^2+424/N^4+288/N^6, 36/N^2+428/N^4+256/N^6, 12/N^2+492/N^4+216/N^6, 24/N^2+456/N^4+240/N^6, 64/N^2+448/N^4+208/N^6, 96/N^2+432/N^4+192/N^6, 144/N^3+576/N^5, 72/N^3+648/N^5, 144/N^3+576/N^5, 128/N^3+592/N^5, 480/N^4+240/N^6, 336/N^4+384/N^6, 720/N^5;
    10/N+250/N^3+460/N^5, 45/N^2+475/N^4+200/N^6, 30/N^2+450/N^4+240/N^6, 70/N^2+490/N^4+160/N^6, 5+100/N^2+415/N^4+200/N^6, 75/N^2+465/N^4+180/N^6, 60/N^2+500/N^4+160/N^6, 160/N^3+560/N^5, 5/N+175/N^3+540/N^5, 230/N^3+490/N^5, 20/N+200/N^3+500/N^5, 210/N^3+510/N^5, 160/N^3+560/N^5, 180/N^3+540/N^5, 280/N^3+440/N^5, 30/N+240/N^3+450/N^5, 420/N^4+300/N^6, 40/N^2+440/N^4+240/N^6, 520/N^4+200/N^6, 60/N^2+360/N^4+300/N^6, 30/N^2+450/N^4+240/N^6, 80/N^2+440/N^4+200/N^6, 480/N^4+240/N^6, 720/N^5, 180/N^3+540/N^5, 120/N^3+600/N^5, 160/N^3+560/N^5, 120/N^4+600/N^6, 480/N^4+240/N^6, 720/N^5;
    12/N+240/N^3+468/N^5, 51/N^2+465/N^4+204/N^6, 54/N^2+450/N^4+216/N^6, 66/N^2+486/N^4+168/N^6, 75/N^2+465/N^4+180/N^6, 3+72/N^2+465/N^4+180/N^6, 72/N^2+456/N^4+192/N^6, 168/N^3+552/N^5, 180/N^3+540/N^5, 6/N+222/N^3+492/N^5, 228/N^3+492/N^5, 9/N+207/N^3+504/N^5, 216/N^3+504/N^5, 18/N+198/N^3+504/N^5, 264/N^3+456/N^5, 12/N+252/N^3+456/N^5, 6/N^2+426/N^4+288/N^6, 432/N^4+288/N^6, 36/N^2+444/N^4+240/N^6, 18/N^2+486/N^4+216/N^6, 36/N^2+468/N^4+216/N^6, 48/N^2+504/N^4+168/N^6, 576/N^4+144/N^6, 72/N^3+648/N^5, 36/N^3+684/N^5, 132/N^3+588/N^5, 144/N^3+576/N^5, 360/N^4+360/N^6, 288/N^4+432/N^6, 720/N^5;
    12/N+240/N^3+468/N^5, 52/N^2+460/N^4+208/N^6, 48/N^2+480/N^4+192/N^6, 72/N^2+472/N^4+176/N^6, 60/N^2+500/N^4+160/N^6, 72/N^2+456/N^4+192/N^6, 4+72/N^2+468/N^4+176/N^6, 176/N^3+544/N^5, 160/N^3+560/N^5, 224/N^3+496/N^5, 8/N+216/N^3+496/N^5, 12/N+204/N^3+504/N^5, 8/N+232/N^3+480/N^5, 216/N^3+504/N^5, 16/N+248/N^3+456/N^5, 264/N^3+456/N^5, 432/N^4+288/N^6, 8/N^2+424/N^4+288/N^6, 24/N^2+488/N^4+208/N^6, 48/N^2+432/N^4+240/N^6, 24/N^2+456/N^4+240/N^6, 32/N^2+528/N^4+160/N^6, 96/N^2+432/N^4+192/N^6, 24/N^3+696/N^5, 72/N^3+648/N^5, 144/N^3+576/N^5, 128/N^3+592/N^5, 240/N^4+480/N^6, 336/N^4+384/N^6, 720/N^5;
    30/N^2+450/N^4+240/N^6, 10/N+230/N^3+480/N^5, 120/N^3+600/N^5, 2/N+166/N^3+552/N^5, 160/N^3+560/N^5, 168/N^3+552/N^5, 176/N^3+544/N^5, 2+94/N^2+480/N^4+144/N^6, 40/N^2+440/N^4+240/N^6, 60/N^2+468/N^4+192/N^6, 56/N^2+472/N^4+192/N^6, 60/N^2+468/N^4+192/N^6, 8/N^2+424/N^4+288/N^6, 432/N^4+288/N^6, 24/N^2+456/N^4+240/N^6, 12/N^2+468/N^4+240/N^6, 24/N+336/N^3+360/N^5, 8/N+232/N^3+480/N^5, 12/N+284/N^3+424/N^5, 12/N+276/N^3+432/N^5, 168/N^3+552/N^5, 224/N^3+496/N^5, 96/N^3+624/N^5, 144/N^2+528/N^4+48/N^6, 72/N^2+504/N^4+144/N^6, 96/N^2+528/N^4+96/N^6, 32/N^2+496/N^4+192/N^6, 480/N^3+240/N^5, 288/N^3+432/N^5, 720/N^4;
    30/N^2+450/N^4+240/N^6, 5/N+175/N^3+540/N^5, 30/N+450/N^3+240/N^5, 160/N^3+560/N^5, 5/N+175/N^3+540/N^5, 180/N^3+540/N^5, 160/N^3+560/N^5, 40/N^2+440/N^4+240/N^6, 5+175/N^2+540/N^4, 30/N^2+450/N^4+240/N^6, 40/N^2+440/N^4+240/N^6, 30/N^2+450/N^4+240/N^6, 160/N^2+560/N^4, 180/N^2+540/N^4, 480/N^4+240/N^6, 30/N^2+450/N^4+240/N^6, 180/N^3+540/N^5, 40/N+440/N^3+240/N^5, 160/N^3+560/N^5, 180/N^3+540/N^5, 30/N+450/N^3+240/N^5, 160/N^3+560/N^5, 480/N^3+240/N^5, 480/N^4+240/N^6, 180/N^2+540/N^4, 480/N^4+240/N^6, 160/N^2+560/N^4, 720/N^5, 480/N^3+240/N^5, 720/N^4;
    48/N^2+480/N^4+192/N^6, 8/N+210/N^3+502/N^5, 180/N^3+540/N^5, 8/N+204/N^3+508/N^5, 230/N^3+490/N^5, 6/N+222/N^3+492/N^5, 224/N^3+496/N^5, 60/N^2+468/N^4+192/N^6, 30/N^2+450/N^4+240/N^6, 2+60/N^2+430/N^4+228/N^6, 40/N^2+488/N^4+192/N^6, 54/N^2+462/N^4+204/N^6, 24/N^2+456/N^4+240/N^6, 36/N^2+468/N^4+216/N^6, 56/N^2+424/N^4+240/N^6, 54/N^2+462/N^4+204/N^6, 6/N+264/N^3+450/N^5, 168/N^3+552/N^5, 12/N+216/N^3+492/N^5, 234/N^3+486/N^5, 6/N+162/N^3+552/N^5, 16/N+176/N^3+528/N^5, 144/N^3+576/N^5, 72/N^2+552/N^4+96/N^6, 18/N^2+486/N^4+216/N^6, 60/N^2+492/N^4+168/N^6, 48/N^2+384/N^4+288/N^6, 360/N^3+360/N^5, 192/N^3+528/N^5, 720/N^4;
    48/N^2+480/N^4+192/N^6, 8/N+220/N^3+492/N^5, 120/N^3+600/N^5, 216/N^3+504/N^5, 20/N+200/N^3+500/N^5, 228/N^3+492/N^5, 8/N+216/N^3+496/N^5, 56/N^2+472/N^4+192/N^6, 40/N^2+440/N^4+240/N^6, 40/N^2+488/N^4+192/N^6, 4+88/N^2+388/N^4+240/N^6, 60/N^2+468/N^4+192/N^6, 8/N^2+424/N^4+288/N^6, 432/N^4+288/N^6, 32/N^2+496/N^4+192/N^6, 72/N^2+408/N^4+240/N^6, 216/N^3+504/N^5, 8/N+232/N^3+480/N^5, 224/N^3+496/N^5, 24/N+216/N^3+480/N^5, 168/N^3+552/N^5, 16/N+184/N^3+520/N^5, 96/N^3+624/N^5, 528/N^4+192/N^6, 72/N^2+504/N^4+144/N^6, 72/N^2+408/N^4+240/N^6, 32/N^2+496/N^4+192/N^6, 120/N^3+600/N^5, 288/N^3+432/N^5, 720/N^4;
    54/N^2+450/N^4+216/N^6, 9/N+225/N^3+486/N^5, 180/N^3+540/N^5, 204/N^3+516/N^5, 210/N^3+510/N^5, 9/N+207/N^3+504/N^5, 12/N+204/N^3+504/N^5, 60/N^2+468/N^4+192/N^6, 30/N^2+450/N^4+240/N^6, 54/N^2+462/N^4+204/N^6, 60/N^2+468/N^4+192/N^6, 3+63/N^2+474/N^4+180/N^6, 24/N^2+456/N^4+240/N^6, 36/N^2+468/N^4+216/N^6, 24/N^2+504/N^4+192/N^6, 18/N^2+522/N^4+180/N^6, 234/N^3+486/N^5, 168/N^3+552/N^5, 12/N+216/N^3+492/N^5, 12/N+234/N^3+474/N^5, 6/N+162/N^3+552/N^5, 216/N^3+504/N^5, 144/N^3+576/N^5, 24/N^2+552/N^4+144/N^6, 18/N^2+486/N^4+216/N^6, 72/N^2+432/N^4+216/N^6, 48/N^2+384/N^4+288/N^6, 240/N^3+480/N^5, 192/N^3+528/N^5, 720/N^4;
    48/N^2+480/N^4+192/N^6, 160/N^3+560/N^5, 48/N+480/N^3+192/N^5, 8/N+232/N^3+480/N^5, 160/N^3+560/N^5, 216/N^3+504/N^5, 8/N+232/N^3+480/N^5, 8/N^2+424/N^4+288/N^6, 160/N^2+560/N^4, 24/N^2+456/N^4+240/N^6, 8/N^2+424/N^4+288/N^6, 24/N^2+456/N^4+240/N^6, 8+232/N^2+480/N^4, 216/N^2+504/N^4, 96/N^2+432/N^4+192/N^6, 24/N^2+456/N^4+240/N^6, 72/N^3+648/N^5, 8/N+424/N^3+288/N^5, 128/N^3+592/N^5, 72/N^3+648/N^5, 24/N+456/N^3+240/N^5, 128/N^3+592/N^5, 96/N+432/N^3+192/N^5, 336/N^4+384/N^6, 72/N^2+648/N^4, 336/N^4+384/N^6, 128/N^2+592/N^4, 720/N^5, 336/N^3+384/N^5, 720/N^4;
