function f = norm6(N)
A=[
    1+35/N^2+84/N^4, 5/N+75/N^3+40/N^5, 5/N+75/N^3+40/N^5, 8/N+80/N^3+32/N^5, 8/N+80/N^3+32/N^5, 9/N+75/N^3+36/N^5, 20/N^2+100/N^4, 20/N^2+100/N^4, 30/N^2+90/N^4, 30/N^2+90/N^4, 30/N^2+90/N^4, 40/N^2+80/N^4, 60/N^3+60/N^5, 60/N^3+60/N^5, 80/N^3+40/N^5, 80/N^3+40/N^5, 120/N^4, 120/N^4, 120/N^5;
    5/N+75/N^3+40/N^5, 1+31/N^2+88/N^4, 20/N^2+100/N^4, 26/N^2+94/N^4, 28/N^2+92/N^4, 30/N^2+90/N^4, 8/N+76/N^3+36/N^5, 4/N+68/N^3+48/N^5, 6/N+74/N^3+40/N^5, 6/N+78/N^3+36/N^5, 72/N^3+48/N^5, 80/N^3+40/N^5, 36/N^2+84/N^4, 24/N^2+96/N^4, 32/N^2+88/N^4, 16/N^2+104/N^4, 96/N^3+24/N^5, 72/N^3+48/N^5, 120/N^4;
    5/N+75/N^3+40/N^5, 20/N^2+100/N^4, 5+75/N^2+40/N^4, 30/N^2+90/N^4, 20/N^2+100/N^4, 30/N^2+90/N^4, 60/N^3+60/N^5, 20/N+100/N^3, 80/N^3+40/N^5, 60/N^3+60/N^5, 30/N+90/N^3, 80/N^3+40/N^5, 120/N^4, 60/N^2+60/N^4, 120/N^4, 80/N^2+40/N^4, 120/N^5, 120/N^3, 120/N^4;
    8/N+80/N^3+32/N^5, 26/N^2+94/N^4, 30/N^2+90/N^4, 2+38/N^2+80/N^4, 40/N^2+80/N^4, 36/N^2+84/N^4, 2/N+70/N^3+48/N^5, 72/N^3+48/N^5, 6/N+70/N^3+44/N^5, 84/N^3+36/N^5, 6/N+78/N^3+36/N^5, 16/N+72/N^3+32/N^5, 18/N^2+102/N^4, 6/N^2+114/N^4, 20/N^2+100/N^4, 24/N^2+96/N^4, 72/N^3+48/N^5, 48/N^3+72/N^5, 120/N^4;
    8/N+80/N^3+32/N^5, 28/N^2+92/N^4, 20/N^2+100/N^4, 40/N^2+80/N^4, 4+36/N^2+80/N^4, 36/N^2+84/N^4, 72/N^3+48/N^5, 4/N+68/N^3+48/N^5, 88/N^3+32/N^5, 12/N+60/N^3+48/N^5, 72/N^3+48/N^5, 16/N+72/N^3+32/N^5, 120/N^4, 24/N^2+96/N^4, 24/N^2+96/N^4, 16/N^2+104/N^4, 24/N^3+96/N^5, 72/N^3+48/N^5, 120/N^4;
    9/N+75/N^3+36/N^5, 30/N^2+90/N^4, 30/N^2+90/N^4, 36/N^2+84/N^4, 36/N^2+84/N^4, 3+33/N^2+84/N^4, 72/N^3+48/N^5, 72/N^3+48/N^5, 6/N+78/N^3+36/N^5, 6/N+78/N^3+36/N^5, 6/N+78/N^3+36/N^5, 96/N^3+24/N^5, 6/N^2+114/N^4, 6/N^2+114/N^4, 24/N^2+96/N^4, 24/N^2+96/N^4, 48/N^3+72/N^5, 48/N^3+72/N^5, 120/N^4;
    20/N^2+100/N^4, 8/N+76/N^3+36/N^5, 60/N^3+60/N^5, 2/N+70/N^3+48/N^5, 72/N^3+48/N^5, 72/N^3+48/N^5, 2+46/N^2+72/N^4, 24/N^2+96/N^4, 34/N^2+86/N^4, 30/N^2+90/N^4, 6/N^2+114/N^4, 16/N^2+104/N^4, 18/N+90/N^3+12/N^5, 6/N+78/N^3+36/N^5, 8/N+88/N^3+24/N^5, 72/N^3+48/N^5, 72/N^2+48/N^4, 36/N^2+84/N^4, 120/N^3;
    20/N^2+100/N^4, 4/N+68/N^3+48/N^5, 20/N+100/N^3, 72/N^3+48/N^5, 4/N+68/N^3+48/N^5, 72/N^3+48/N^5, 24/N^2+96/N^4, 4+68/N^2+48/N^4, 16/N^2+104/N^4, 24/N^2+96/N^4, 72/N^2+48/N^4, 16/N^2+104/N^4, 72/N^3+48/N^5, 24/N+96/N^3, 72/N^3+48/N^5, 16/N+104/N^3, 120/N^4, 72/N^2+48/N^4, 120/N^3;
    30/N^2+90/N^4, 6/N+74/N^3+40/N^5, 80/N^3+40/N^5, 6/N+70/N^3+44/N^5, 88/N^3+32/N^5, 6/N+78/N^3+36/N^5, 34/N^2+86/N^4, 16/N^2+104/N^4, 2+26/N^2+92/N^4, 30/N^2+90/N^4, 24/N^2+96/N^4, 24/N^2+96/N^4, 6/N+90/N^3+24/N^5, 72/N^3+48/N^5, 8/N+72/N^3+40/N^5, 8/N+48/N^3+64/N^5, 48/N^2+72/N^4, 24/N^2+96/N^4, 120/N^3;
    30/N^2+90/N^4, 6/N+78/N^3+36/N^5, 60/N^3+60/N^5, 84/N^3+36/N^5, 12/N+60/N^3+48/N^5, 6/N+78/N^3+36/N^5, 30/N^2+90/N^4, 24/N^2+96/N^4, 30/N^2+90/N^4, 3+33/N^2+84/N^4, 6/N^2+114/N^4, 24/N^2+96/N^4, 84/N^3+36/N^5, 6/N+78/N^3+36/N^5, 12/N+60/N^3+48/N^5, 72/N^3+48/N^5, 24/N^2+96/N^4, 36/N^2+84/N^4, 120/N^3;
    30/N^2+90/N^4, 72/N^3+48/N^5, 30/N+90/N^3, 6/N+78/N^3+36/N^5, 72/N^3+48/N^5, 6/N+78/N^3+36/N^5, 6/N^2+114/N^4, 72/N^2+48/N^4, 24/N^2+96/N^4, 6/N^2+114/N^4, 6+78/N^2+36/N^4, 24/N^2+96/N^4, 48/N^3+72/N^5, 6/N+114/N^3, 48/N^3+72/N^5, 24/N+96/N^3, 120/N^4, 48/N^2+72/N^4, 120/N^3;
    40/N^2+80/N^4, 80/N^3+40/N^5, 80/N^3+40/N^5, 16/N+72/N^3+32/N^5, 16/N+72/N^3+32/N^5, 96/N^3+24/N^5, 16/N^2+104/N^4, 16/N^2+104/N^4, 24/N^2+96/N^4, 24/N^2+96/N^4, 24/N^2+96/N^4, 8+48/N^2+64/N^4, 72/N^3+48/N^5, 72/N^3+48/N^5, 8/N+48/N^3+64/N^5, 8/N+48/N^3+64/N^5, 24/N^2+96/N^4, 24/N^2+96/N^4, 120/N^3;
    60/N^3+60/N^5, 36/N^2+84/N^4, 120/N^4, 18/N^2+102/N^4, 120/N^4, 6/N^2+114/N^4, 18/N+90/N^3+12/N^5, 72/N^3+48/N^5, 6/N+90/N^3+24/N^5, 84/N^3+36/N^5, 48/N^3+72/N^5, 72/N^3+48/N^5, 6+78/N^2+36/N^4, 36/N^2+84/N^4, 60/N^2+60/N^4, 24/N^2+96/N^4, 48/N+72/N^3, 12/N+108/N^3, 120/N^2;
    60/N^3+60/N^5, 24/N^2+96/N^4, 60/N^2+60/N^4, 6/N^2+114/N^4, 24/N^2+96/N^4, 6/N^2+114/N^4, 6/N+78/N^3+36/N^5, 24/N+96/N^3, 72/N^3+48/N^5, 6/N+78/N^3+36/N^5, 6/N+114/N^3, 72/N^3+48/N^5, 36/N^2+84/N^4, 6+78/N^2+36/N^4, 36/N^2+84/N^4, 72/N^2+48/N^4, 120/N^3, 36/N+84/N^3, 120/N^2;
    80/N^3+40/N^5, 32/N^2+88/N^4, 120/N^4, 20/N^2+100/N^4, 24/N^2+96/N^4, 24/N^2+96/N^4, 8/N+88/N^3+24/N^5, 72/N^3+48/N^5, 8/N+72/N^3+40/N^5, 12/N+60/N^3+48/N^5, 48/N^3+72/N^5, 8/N+48/N^3+64/N^5, 60/N^2+60/N^4, 36/N^2+84/N^4, 4+36/N^2+80/N^4, 24/N^2+96/N^4, 24/N+96/N^3, 12/N+108/N^3, 120/N^2;
    80/N^3+40/N^5, 16/N^2+104/N^4, 80/N^2+40/N^4, 24/N^2+96/N^4, 16/N^2+104/N^4, 24/N^2+96/N^4, 72/N^3+48/N^5, 16/N+104/N^3, 8/N+48/N^3+64/N^5, 72/N^3+48/N^5, 24/N+96/N^3, 8/N+48/N^3+64/N^5, 24/N^2+96/N^4, 72/N^2+48/N^4, 24/N^2+96/N^4, 8+48/N^2+64/N^4, 120/N^3, 24/N+96/N^3, 120/N^2;
    120/N^4, 96/N^3+24/N^5, 120/N^5, 72/N^3+48/N^5, 24/N^3+96/N^5, 48/N^3+72/N^5, 72/N^2+48/N^4, 120/N^4, 48/N^2+72/N^4, 24/N^2+96/N^4, 120/N^4, 24/N^2+96/N^4, 48/N+72/N^3, 120/N^3, 24/N+96/N^3, 120/N^3, 24+96/N^2, 120/N^2, 120/N;
    120/N^4, 72/N^3+48/N^5, 120/N^3, 48/N^3+72/N^5, 72/N^3+48/N^5, 48/N^3+72/N^5, 36/N^2+84/N^4, 72/N^2+48/N^4, 24/N^2+96/N^4, 36/N^2+84/N^4, 48/N^2+72/N^4, 24/N^2+96/N^4, 12/N+108/N^3, 36/N+84/N^3, 12/N+108/N^3, 24/N+96/N^3, 120/N^2, 12+108/N^2, 120/N;
    120/N^5, 120/N^4, 120/N^4, 120/N^4, 120/N^4, 120/N^4, 120/N^3, 120/N^3, 120/N^3, 120/N^3, 120/N^3, 120/N^3, 120/N^2, 120/N^2, 120/N^2, 120/N^2, 120/N, 120/N, 120
];

