function f = ham3(N)
f=[
    6 16/N 16/N 0 6*1i;
    12/N 4 0 16/N 0;
    6/N 0 4 8/N -6/N*1i;
    0 4/N 4/N 0 0;
    -2*1i -4/N*1i 0 0 -6];
end
