function f = ham5(N)
f=[
    10 32/N 32/N 48/N 48/N 0 0 0 0 0 0 0 4*1i 2*1i 0 0 0 0 0 0 0;
    24/N 8 0 0 0 48/N 24/N 32/N 0 0 0 0 0 4/N*1i 4*1i 0 0 0 0 0 0;
    6/N 0 8 0 0 0 24/N 0 32/N 0 0 0 -2/N*1i 0 0 2*1i 0 0 0 0 0;
    24/N 0 0 10 0 8/N 0 16/N 32/N 0 0 0 -2/N*1i -2/N*1i 0 0 6*1i 0 0 0 0;
    16/N 0 0 0 10 0 8/N 16/N 0 0 0 0 0 -4/N*1i 0 0 0 2*1i 0 0 0;
    0 18/N 0 4/N 0 6 0 0 0 48/N 16/N 0 0 0 2/N*1i 0 0 0 6*1i 0 0;
    0 6/N 24/N 0 4/N 0 6 0 0 0 32/N 0 0 0 -2/N*1i 0 0 0 0 2*1i 0;
    0 16/N 0 12/N 18/N 0 0 8 0 24/N 16/N 0 0 0 -4/N*1i 0 0 -2/N*1i 0 0 0;
    0 0 16/N 6/N 0 0 0 0 8 0 8/N 0 0 0 0 -2/N*1i -6/N*1i 0 0 0 0;
    0 0 0 0 0 12/N 0 4/N 0 4 0 32/N 0 0 0 0 0 0 0 0 0;
    0 0 0 0 0 6/N 18/N 4/N 8/N 0 4 48/N 0 0 0 0 0 0 -6/N*1i -2/N*1i 0;
    0 0 0 0 0 0 0 0 0 4/N 4/N 0 0 0 0 0 0 0 0 0 0;
    -4*1i -8/N*1i 0 -8/N*1i -12/N*1i 0 0 0 0 0 0 0 -2 4 16/N 8/N 24/N 8/N 0 0 10*1i;
    -2*1i -4/N*1i 0 -8/N*1i 0 0 0 0 0 0 0 0 4 2 16/N 8/N 24/N 8/N 0 0 0;
    -4/N*1i -4*1i 0 0 0 -16/N*1i 0 -8/N*1i 0 0 0 0 12/N 4/N 0 0 0 0 48/N 8/N 0;
    -2/N*1i 0 -8*1i 0 0 0 -12/N*1i 0 -16/N*1i 0 0 0 6/N 2/N 0 0 0 0 0 16/N -10/N*1i;
    -2/N*1i 0 0 -2*1i 0 0 0 -4/N*1i 0 0 0 0 4/N 0 0 0 -2 0 8/N 0 -10/N*1i;
    -4/N*1i 0 0 0 -6*1i 0 0 -8/N*1i 0 0 0 0 8/N 0 0 0 0 -2 0 8/N 0;
    0 -2/N*1i 0 0 0 -2*1i 0 0 0 -12/N*1i 0 0 0 0 2/N 0 4/N 0 -6 0 0;
    0 -2/N*1i -8/N*1i 0 0 0 -6*1i 0 0 0 -16/N*1i 0 0 0 2/N 4/N 0 4/N 0 -6 0;
    0 0 0 0 0 0 0 0 0 0 0 0 -2*1i 0 -4/N*1i 0 0 -4/N*1i 0 0 -10];
end
