function f = ham3(N)
f=[
    12-6/N 16/N 0 2*1i 0;
    12/N 8-6/N 24/N -2/N*1i 0;
    0 0 -6/N 0 0;
    -6*1i -8/N*1i 0 -6/N 4/N;
    0 0 0 4/N 8-6/N];
end
