function f = ham3(N)
f=[
    6 24/N 0 2*1i 0;
    30/N 4 36/N -2/N*1i 0;
    0 8/N 0 0 0;
    -6*1i -8/N*1i 0 -6 4/N;
    0 0 0 4/N 4];
end
