function f = ham4(N)
f=[
    8 36/N 48/N 0 0 2*1i 0 0 0 0;
    40/N 6 0 48/N 0 0 2*1i 0 0 0;
    24/N 0 8 12/N 0 -2/N*1i 0 0 0 0;
    0 30/N 16/N 4 72/N 0 -2/N*1i 0 0 0;
    0 0 0 8/N 0 0 0 0 0 0;
    -8*1i -12/N*1i -16/N*1i 0 0 0 24/N 4/N 0 0;
    -8/N*1i -6*1i 0 -16/N*1i 0 12/N -6 0 4/N 0;
    0 0 0 0 0 4/N 0 6 24/N 6*1i;
    0 0 0 0 0 0 4/N 20/N 4 0;
    0 0 0 0 0 0 0 -2*1i -4/N*1i -6];
end
