function f = ham4(N)
f=[
    16-8/N 24/N 32/N 0 0 2*1i 0 0 0 0;
    16/N 12-8/N 0 32/N 0 0 2*1i 0 0 0;
    16/N 0 16-8/N 8/N 0 -2/N*1i 0 0 0 0;
    0 12/N 0 8-8/N 48/N 0 -2/N*1i 0 0 0;
    0 0 0 0 -8/N 0 0 0 0 0;
    -8*1i -12/N*1i -16/N*1i 0 0 8-8/N 16/N 4/N 0 0;
    -8/N*1i -6*1i 0 -16/N*1i 0 0 -8/N 0 4/N 0;
    0 0 0 0 0 4/N 0 12-8/N 16/N 6*1i;
    0 0 0 0 0 0 4/N 8/N 8-8/N 0;
    0 0 0 0 0 0 0 -2*1i -4/N*1i -8/N];
end
