function f = ham3(N)
f=[
    36-30/N 48/N 48/N 0 6*1i;
    24/N 24-30/N 0 48/N 0;
    12/N 0 24-30/N 24/N -6/N*1i;
    0 0 0 -30/N 0;
    -2*1i -4/N*1i 0 0 24-30/N];
end
