function f = ham4(N)
f=[
    48-40/N 72/N 72/N 96/N 0 0 0 4*1i 0 0;
    36/N 36-40/N 0 0 96/N 48/N 0 2/N*1i 6*1i 0;
    12/N 0 36-40/N 0 0 48/N 0 -2/N*1i 0 2*1i;
    48/N 0 0 48-40/N 24/N 24/N 0 -4/N*1i 0 0;
    0 24/N 0 0 24-40/N 0 72/N 0 0 0;
    0 12/N 36/N 0 0 24-40/N 72/N 0 -6/N*1i -2/N*1i;
    0 0 0 0 0 0 -40/N 0 0 0;
    -4*1i -8/N*1i 0 -8/N*1i 0 0 0 40-40/N 72/N 24/N;
    -2/N*1i -2*1i 0 0 -8/N*1i 0 0 8/N 24-40/N 0;
    -2/N*1i 0 -6*1i 0 0 -8/N*1i 0 8/N 0 24-40/N];
end
