function f = ham5(N)
f=[
    60-50/N 96/N 96/N 144/N 144/N 0 0 0 0 0 0 0 4*1i 2*1i 0 0 0 0 0 0 0;
    48/N 48-50/N 0 0 0 144/N 72/N 96/N 0 0 0 0 0 4/N*1i 4*1i 0 0 0 0 0 0;
    12/N 0 48-50/N 0 0 0 72/N 0 96/N 0 0 0 -2/N*1i 0 0 2*1i 0 0 0 0 0;
    72/N 0 0 60-50/N 0 24/N 0 48/N 96/N 0 0 0 -2/N*1i -2/N*1i 0 0 6*1i 0 0 0 0;
    48/N 0 0 0 60-50/N 0 24/N 48/N 0 0 0 0 0 -4/N*1i 0 0 0 2*1i 0 0 0;
    0 36/N 0 0 0 36-50/N 0 0 0 144/N 48/N 0 0 0 2/N*1i 0 0 0 6*1i 0 0;
    0 12/N 48/N 0 0 0 36-50/N 0 0 0 96/N 0 0 0 -2/N*1i 0 0 0 0 2*1i 0;
    0 48/N 0 24/N 36/N 0 0 48-50/N 0 72/N 48/N 0 0 0 -4/N*1i 0 0 -2/N*1i 0 0 0;
    0 0 48/N 12/N 0 0 0 0 48-50/N 0 24/N 0 0 0 0 -2/N*1i -6/N*1i 0 0 0 0;
    0 0 0 0 0 24/N 0 0 0 24-50/N 0 96/N 0 0 0 0 0 0 0 0 0;
    0 0 0 0 0 12/N 36/N 0 0 0 24-50/N 144/N 0 0 0 0 0 0 -6/N*1i -2/N*1i 0;
    0 0 0 0 0 0 0 0 0 0 0 -50/N 0 0 0 0 0 0 0 0 0;
    -4*1i -8/N*1i 0 -8/N*1i -12/N*1i 0 0 0 0 0 0 0 48-50/N 4 48/N 24/N 120/N 40/N 0 0 10*1i;
    -2*1i -4/N*1i 0 -8/N*1i 0 0 0 0 0 0 0 0 4 52-50/N 48/N 24/N 24/N 8/N 0 0 0;
    -4/N*1i -4*1i 0 0 0 -16/N*1i 0 -8/N*1i 0 0 0 0 24/N 16/N 40-50/N 0 0 0 144/N 24/N 0;
    -2/N*1i 0 -8*1i 0 0 0 -12/N*1i 0 -16/N*1i 0 0 0 12/N 8/N 0 40-50/N 0 0 0 48/N -10/N*1i;
    -2/N*1i 0 0 -2*1i 0 0 0 -4/N*1i 0 0 0 0 20/N 0 0 0 48-50/N 0 24/N 0 -10/N*1i;
    -4/N*1i 0 0 0 -6*1i 0 0 -8/N*1i 0 0 0 0 40/N 0 0 0 0 48-50/N 0 24/N 0;
    0 -2/N*1i 0 0 0 -2*1i 0 0 0 -12/N*1i 0 0 0 0 8/N 0 0 0 24-50/N 0 0;
    0 -2/N*1i -8/N*1i 0 0 0 -6*1i 0 0 0 -16/N*1i 0 0 0 8/N 16/N 0 0 0 24-50/N 0;
    0 0 0 0 0 0 0 0 0 0 0 0 -2*1i 0 -4/N*1i 0 0 -4/N*1i 0 0 40-50/N];
end
