function f = pham3(N)
f=[
    -36+30/N 0 0 0 -6*1i;
    24/N -24+30/N 0 0 0;
    12/N 0 -24+30/N 0 6/N*1i;
    0 24/N 24/N 30/N 0;
    2*1i 4/N*1i 0 0 -24+30/N];
end
