function f = ham4(N)
f=[
    8 24/N 32/N 0 0 2*1i 0 0 0 0;
    24/N 6 0 32/N 0 0 2*1i 0 0 0;
    16/N 0 8 8/N 0 -2/N*1i 0 0 0 0;
    0 18/N 8/N 4 48/N 0 -2/N*1i 0 0 0;
    0 0 0 4/N 0 0 0 0 0 0;
    -8*1i -12/N*1i -16/N*1i 0 0 0 16/N 4/N 0 0;
    -8/N*1i -6*1i 0 -16/N*1i 0 4/N -6 0 4/N 0;
    0 0 0 0 0 4/N 0 6 16/N 6*1i;
    0 0 0 0 0 0 4/N 12/N 4 0;
    0 0 0 0 0 0 0 -2*1i -4/N*1i -6];
end
