function f = pham4(N)
f=[
    -88+80/N 0 0 0 0 0 0 -4*1i 0 0;
    66/N -66+80/N 0 0 0 0 0 -2/N*1i -6*1i 0;
    22/N 0 -66+80/N 0 0 0 0 2/N*1i 0 -2*1i;
    0 0 0 -88+80/N 0 0 0 4/N*1i 0 0;
    0 44/N 0 44/N -44+80/N 0 0 0 0 0;
    0 22/N 66/N 44/N 0 -44+80/N 0 0 6/N*1i 2/N*1i;
    0 0 0 0 44/N 44/N 80/N 0 0 0;
    4*1i 8/N*1i 0 8/N*1i 0 0 0 -80+80/N 0 0;
    2/N*1i 2*1i 0 0 8/N*1i 0 0 26/N -54+80/N 0;
    2/N*1i 0 6*1i 0 0 8/N*1i 0 26/N 0 -54+80/N];
end
