function f = pham4(N)
f=[
    -88+80/N 0 0 0 0 -2*1i 0 0 0 0;
    88/N -66+80/N 0 0 0 0 -2*1i 0 0 0;
    0 0 -88+80/N 0 0 2/N*1i 0 0 0 0;
    0 66/N 88/N -44+80/N 0 0 2/N*1i 0 0 0;
    0 0 0 44/N 80/N 0 0 0 0 0;
    8*1i 12/N*1i 16/N*1i 0 0 -80+80/N 0 -4/N 0 0;
    8/N*1i 6*1i 0 16/N*1i 0 52/N -54+80/N 0 -4/N 0;
    0 0 0 0 0 -4/N 0 -66+80/N 0 -6*1i;
    0 0 0 0 0 0 -4/N 44/N -44+80/N 0;
    0 0 0 0 0 0 0 2*1i 4/N*1i -54+80/N];
end
