function f = pham3(N)
f=[
    -66+60/N 0 0 -2*1i 0;
    66/N -44+60/N 0 2/N*1i 0;
    0 44/N 60/N 0 0;
    6*1i 8/N*1i 0 -54+60/N -4/N;
    0 0 0 -4/N -44+60/N];
end
