function f = pham5(N)
f=[
    40-50/N 64/N 96/N 0 0 0 0 -2*1i 0 0 0 0 0 0 0 0 0 0 0 0 0;
    40/N 32-50/N 0 96/N 64/N 0 0 0 -2/N*1i -2*1i 0 0 0 0 0 0 0 0 0 0 0;
    80/N 0 40-50/N 16/N 64/N 0 0 2/N*1i 2/N*1i 0 0 -2*1i 0 0 0 0 0 0 0 0 0;
    0 32/N 0 24-50/N 0 96/N 0 0 0 0 0 0 0 -2*1i 0 0 0 0 0 0 0;
    0 32/N 24/N 0 32-50/N 48/N 0 0 0 2/N*1i 0 2/N*1i 0 0 0 0 0 0 0 0 0;
    0 0 0 24/N 0 16-50/N 160/N 0 0 0 0 0 0 2/N*1i 0 0 0 0 0 0 0;
    0 0 0 0 0 0 -50/N 0 0 0 0 0 0 0 0 0 0 0 0 0 0;
    10*1i 16/N*1i 24/N*1i 0 0 0 0 48-50/N -4 48/N -4/N 72/N 0 0 0 0 0 -4*1i 0 0 0;
    0 0 0 0 0 0 0 -4 52-50/N 16/N 0 -56/N -4/N 0 0 0 0 2*1i 0 0 0;
    10/N*1i 8*1i 0 24/N*1i 16/N*1i 0 0 28/N 16/N 40-50/N 0 0 0 64/N -4/N 0 0 2/N*1i 0 0 0;
    0 0 0 0 0 0 0 -4/N 0 0 32-50/N 0 0 0 48/N 64/N 0 0 -4*1i 0 0;
    10/N*1i 0 6*1i 0 16/N*1i 0 0 40/N -20/N 0 0 52-50/N 0 16/N 0 -4/N 0 6/N*1i 0 0 0;
    0 0 0 0 0 0 0 0 -4/N 0 0 0 40-50/N 0 16/N -32/N 0 0 0 -6*1i 0;
    0 8/N*1i 0 6*1i 0 24/N*1i 0 0 0 24/N 0 0 0 36-50/N 0 0 -4/N 0 0 0 0;
    0 0 0 0 0 0 0 0 0 -4/N 24/N 0 0 0 24-50/N 0 64/N 0 -2/N*1i 0 -6*1i;
    0 0 0 0 0 0 0 0 0 0 32/N -4/N -8/N 0 0 32-50/N 16/N 0 4/N*1i -6/N*1i 0;
    0 0 0 0 0 0 0 0 0 0 0 0 0 -4/N 16/N 0 16-50/N 0 0 0 0;
    0 0 0 0 0 0 0 4*1i -2*1i 8/N*1i 0 8/N*1i 0 0 0 0 0 60-50/N -4/N 12/N 0;
    0 0 0 0 0 0 0 0 0 0 4*1i 0 0 0 8/N*1i 8/N*1i 0 -4/N 40-50/N 0 48/N;
    0 0 0 0 0 0 0 0 0 0 0 0 2*1i 0 0 0 0 4/N 0 52-50/N 16/N;
    0 0 0 0 0 0 0 0 0 0 2/N*1i 0 0 0 2*1i 0 8/N*1i 0 12/N 0 36-50/N];
end
