function f = pham3(N)
f=[
    24-30/N 0 0 -2*1i 0;
    -24/N 16-30/N 0 2/N*1i 0;
    0 -16/N -30/N 0 0;
    6*1i 8/N*1i 0 36-30/N -4/N;
    0 0 0 -4/N 16-30/N];
end
