function f = ham4(N)
f=[
    8 72/N 96/N 0 0 2*1i 0 0 0 0;
    88/N 6 0 96/N 0 0 2*1i 0 0 0;
    48/N 0 8 24/N 0 -2/N*1i 0 0 0 0;
    0 66/N 40/N 4 144/N 0 -2/N*1i 0 0 0;
    0 0 0 20/N 0 0 0 0 0 0;
    -8*1i -12/N*1i -16/N*1i 0 0 0 48/N 4/N 0 0;
    -8/N*1i -6*1i 0 -16/N*1i 0 36/N -6 0 4/N 0;
    0 0 0 0 0 4/N 0 6 48/N 6*1i;
    0 0 0 0 0 0 4/N 44/N 4 0;
    0 0 0 0 0 0 0 -2*1i -4/N*1i -6];
end
