function f = ham5(N)
f=[
    60-50/N 96/N 144/N 0 0 0 0 2*1i 0 0 0 0 0 0 0 0 0 0 0 0 0;
    60/N 48-50/N 0 144/N 96/N 0 0 0 2/N*1i 2*1i 0 0 0 0 0 0 0 0 0 0 0;
    120/N 0 60-50/N 24/N 96/N 0 0 -2/N*1i -2/N*1i 0 0 2*1i 0 0 0 0 0 0 0 0 0;
    0 48/N 0 36-50/N 0 144/N 0 0 0 0 0 0 0 2*1i 0 0 0 0 0 0 0;
    0 48/N 36/N 0 48-50/N 72/N 0 0 0 -2/N*1i 0 -2/N*1i 0 0 0 0 0 0 0 0 0;
    0 0 0 36/N 0 24-50/N 240/N 0 0 0 0 0 0 -2/N*1i 0 0 0 0 0 0 0;
    0 0 0 0 0 0 -50/N 0 0 0 0 0 0 0 0 0 0 0 0 0 0;
    -10*1i -16/N*1i -24/N*1i 0 0 0 0 52-50/N 4 72/N 4/N 88/N 0 0 0 0 0 4*1i 0 0 0;
    0 0 0 0 0 0 0 4 48-50/N 24/N 0 -24/N 4/N 0 0 0 0 -2*1i 0 0 0;
    -10/N*1i -8*1i 0 -24/N*1i -16/N*1i 0 0 32/N 4/N 40-50/N 0 0 0 96/N 4/N 0 0 -2/N*1i 0 0 0;
    0 0 0 0 0 0 0 4/N 0 0 48-50/N 0 0 0 72/N 96/N 0 0 4*1i 0 0;
    -10/N*1i 0 -6*1i 0 -16/N*1i 0 0 40/N -20/N 0 0 48-50/N 0 24/N 0 4/N 0 -6/N*1i 0 0 0;
    0 0 0 0 0 0 0 0 4/N 0 0 0 60-50/N 0 24/N -48/N 0 0 0 6*1i 0;
    0 -8/N*1i 0 -6*1i 0 -24/N*1i 0 0 0 16/N 0 0 0 24-50/N 0 0 4/N 0 0 0 0;
    0 0 0 0 0 0 0 0 0 4/N 36/N 0 0 0 36-50/N 0 96/N 0 2/N*1i 0 6*1i;
    0 0 0 0 0 0 0 0 0 0 48/N 4/N -12/N 0 0 48-50/N 24/N 0 -4/N*1i 6/N*1i 0;
    0 0 0 0 0 0 0 0 0 0 0 0 0 4/N 24/N 0 24-50/N 0 0 0 0;
    0 0 0 0 0 0 0 -4*1i 2*1i -8/N*1i 0 -8/N*1i 0 0 0 0 0 40-50/N 4/N -12/N 0;
    0 0 0 0 0 0 0 0 0 0 -4*1i 0 0 0 -8/N*1i -8/N*1i 0 4/N 40-50/N 0 72/N;
    0 0 0 0 0 0 0 0 0 0 0 0 -2*1i 0 0 0 0 -4/N 0 48-50/N 24/N;
    0 0 0 0 0 0 0 0 0 0 -2/N*1i 0 0 0 -2*1i 0 -8/N*1i 0 8/N 0 24-50/N];
end
