function f = pham4(N)
f=[
    -8 48/N 64/N 0 0 -2*1i 0 0 0 0;
    72/N -6 0 64/N 0 0 -2*1i 0 0 0;
    32/N 0 -8 16/N 0 2/N*1i 0 0 0 0;
    0 54/N 40/N -4 96/N 0 2/N*1i 0 0 0;
    0 0 0 20/N 0 0 0 0 0 0;
    8*1i 12/N*1i 16/N*1i 0 0 0 32/N -4/N 0 0;
    8/N*1i 6*1i 0 16/N*1i 0 44/N 6 0 -4/N 0;
    0 0 0 0 0 -4/N 0 -6 32/N -6*1i;
    0 0 0 0 0 0 -4/N 36/N -4 0;
    0 0 0 0 0 0 0 2*1i 4/N*1i 6];
end
