function f = ham3(N)
f=[
    6 24/N 24/N 0 6*1i;
    20/N 4 0 24/N 0;
    10/N 0 4 12/N -6/N*1i;
    0 8/N 8/N 0 0;
    -2*1i -4/N*1i 0 0 -6];
end
