function f = ham3(N)
f=[
    12-6/N 16/N 16/N 0 6*1i;
    8/N 8-6/N 0 16/N 0;
    4/N 0 8-6/N 8/N -6/N*1i;
    0 0 0 -6/N 0;
    -2*1i -4/N*1i 0 0 -6/N];
end
