function f = ham5(N)
f=[
    10 48/N 48/N 72/N 72/N 0 0 0 0 0 0 0 4*1i 2*1i 0 0 0 0 0 0 0;
    40/N 8 0 0 0 72/N 36/N 48/N 0 0 0 0 0 4/N*1i 4*1i 0 0 0 0 0 0;
    10/N 0 8 0 0 0 36/N 0 48/N 0 0 0 -2/N*1i 0 0 2*1i 0 0 0 0 0;
    36/N 0 0 10 0 12/N 0 24/N 48/N 0 0 0 -2/N*1i -2/N*1i 0 0 6*1i 0 0 0 0;
    24/N 0 0 0 10 0 12/N 24/N 0 0 0 0 0 -4/N*1i 0 0 0 2*1i 0 0 0;
    0 30/N 0 8/N 0 6 0 0 0 72/N 24/N 0 0 0 2/N*1i 0 0 0 6*1i 0 0;
    0 10/N 40/N 0 8/N 0 6 0 0 0 48/N 0 0 0 -2/N*1i 0 0 0 0 2*1i 0;
    0 24/N 0 20/N 30/N 0 0 8 0 36/N 24/N 0 0 0 -4/N*1i 0 0 -2/N*1i 0 0 0;
    0 0 24/N 10/N 0 0 0 0 8 0 12/N 0 0 0 0 -2/N*1i -6/N*1i 0 0 0 0;
    0 0 0 0 0 20/N 0 8/N 0 4 0 48/N 0 0 0 0 0 0 0 0 0;
    0 0 0 0 0 10/N 30/N 8/N 16/N 0 4 72/N 0 0 0 0 0 0 -6/N*1i -2/N*1i 0;
    0 0 0 0 0 0 0 0 0 8/N 8/N 0 0 0 0 0 0 0 0 0 0;
    -4*1i -8/N*1i 0 -8/N*1i -12/N*1i 0 0 0 0 0 0 0 -2 4 24/N 12/N 48/N 16/N 0 0 10*1i;
    -2*1i -4/N*1i 0 -8/N*1i 0 0 0 0 0 0 0 0 4 2 24/N 12/N 24/N 8/N 0 0 0;
    -4/N*1i -4*1i 0 0 0 -16/N*1i 0 -8/N*1i 0 0 0 0 20/N 12/N 0 0 0 0 72/N 12/N 0;
    -2/N*1i 0 -8*1i 0 0 0 -12/N*1i 0 -16/N*1i 0 0 0 10/N 6/N 0 0 0 0 0 24/N -10/N*1i;
    -2/N*1i 0 0 -2*1i 0 0 0 -4/N*1i 0 0 0 0 8/N 0 0 0 -2 0 12/N 0 -10/N*1i;
    -4/N*1i 0 0 0 -6*1i 0 0 -8/N*1i 0 0 0 0 16/N 0 0 0 0 -2 0 12/N 0;
    0 -2/N*1i 0 0 0 -2*1i 0 0 0 -12/N*1i 0 0 0 0 6/N 0 8/N 0 -6 0 0;
    0 -2/N*1i -8/N*1i 0 0 0 -6*1i 0 0 0 -16/N*1i 0 0 0 6/N 12/N 0 8/N 0 -6 0;
    0 0 0 0 0 0 0 0 0 0 0 0 -2*1i 0 -4/N*1i 0 0 -4/N*1i 0 0 -10];
end
