function f = ham3(N)
f=[
    6 48/N 48/N 0 6*1i;
    44/N 4 0 48/N 0;
    22/N 0 4 24/N -6/N*1i;
    0 20/N 20/N 0 0;
    -2*1i -4/N*1i 0 0 -6];
end
