function f = ham4(N)
f=[
    8 72/N 72/N 96/N 0 0 0 4*1i 0 0;
    66/N 6 0 0 96/N 48/N 0 2/N*1i 6*1i 0;
    22/N 0 6 0 0 48/N 0 -2/N*1i 0 2*1i;
    48/N 0 0 8 24/N 24/N 0 -4/N*1i 0 0;
    0 44/N 0 20/N 4 0 72/N 0 0 0;
    0 22/N 66/N 20/N 0 4 72/N 0 -6/N*1i -2/N*1i;
    0 0 0 0 20/N 20/N 0 0 0 0;
    -4*1i -8/N*1i 0 -8/N*1i 0 0 0 0 72/N 24/N;
    -2/N*1i -2*1i 0 0 -8/N*1i 0 0 18/N -6 0;
    -2/N*1i 0 -6*1i 0 0 -8/N*1i 0 18/N 0 -6];
end
