function f = ham5(N)
f=[
    10 96/N 96/N 144/N 144/N 0 0 0 0 0 0 0 4*1i 2*1i 0 0 0 0 0 0 0;
    88/N 8 0 0 0 144/N 72/N 96/N 0 0 0 0 0 4/N*1i 4*1i 0 0 0 0 0 0;
    22/N 0 8 0 0 0 72/N 0 96/N 0 0 0 -2/N*1i 0 0 2*1i 0 0 0 0 0;
    72/N 0 0 10 0 24/N 0 48/N 96/N 0 0 0 -2/N*1i -2/N*1i 0 0 6*1i 0 0 0 0;
    48/N 0 0 0 10 0 24/N 48/N 0 0 0 0 0 -4/N*1i 0 0 0 2*1i 0 0 0;
    0 66/N 0 20/N 0 6 0 0 0 144/N 48/N 0 0 0 2/N*1i 0 0 0 6*1i 0 0;
    0 22/N 88/N 0 20/N 0 6 0 0 0 96/N 0 0 0 -2/N*1i 0 0 0 0 2*1i 0;
    0 48/N 0 44/N 66/N 0 0 8 0 72/N 48/N 0 0 0 -4/N*1i 0 0 -2/N*1i 0 0 0;
    0 0 48/N 22/N 0 0 0 0 8 0 24/N 0 0 0 0 -2/N*1i -6/N*1i 0 0 0 0;
    0 0 0 0 0 44/N 0 20/N 0 4 0 96/N 0 0 0 0 0 0 0 0 0;
    0 0 0 0 0 22/N 66/N 20/N 40/N 0 4 144/N 0 0 0 0 0 0 -6/N*1i -2/N*1i 0;
    0 0 0 0 0 0 0 0 0 20/N 20/N 0 0 0 0 0 0 0 0 0 0;
    -4*1i -8/N*1i 0 -8/N*1i -12/N*1i 0 0 0 0 0 0 0 -2 4 48/N 24/N 120/N 40/N 0 0 10*1i;
    -2*1i -4/N*1i 0 -8/N*1i 0 0 0 0 0 0 0 0 4 2 48/N 24/N 24/N 8/N 0 0 0;
    -4/N*1i -4*1i 0 0 0 -16/N*1i 0 -8/N*1i 0 0 0 0 44/N 36/N 0 0 0 0 144/N 24/N 0;
    -2/N*1i 0 -8*1i 0 0 0 -12/N*1i 0 -16/N*1i 0 0 0 22/N 18/N 0 0 0 0 0 48/N -10/N*1i;
    -2/N*1i 0 0 -2*1i 0 0 0 -4/N*1i 0 0 0 0 20/N 0 0 0 -2 0 24/N 0 -10/N*1i;
    -4/N*1i 0 0 0 -6*1i 0 0 -8/N*1i 0 0 0 0 40/N 0 0 0 0 -2 0 24/N 0;
    0 -2/N*1i 0 0 0 -2*1i 0 0 0 -12/N*1i 0 0 0 0 18/N 0 20/N 0 -6 0 0;
    0 -2/N*1i -8/N*1i 0 0 0 -6*1i 0 0 0 -16/N*1i 0 0 0 18/N 36/N 0 20/N 0 -6 0;
    0 0 0 0 0 0 0 0 0 0 0 0 -2*1i 0 -4/N*1i 0 0 -4/N*1i 0 0 -10];
end
