function f = pham3(N)
f=[
    -6 32/N 32/N 0 -6*1i;
    36/N -4 0 32/N 0;
    18/N 0 -4 16/N 6/N*1i;
    0 20/N 20/N 0 0;
    2*1i 4/N*1i 0 0 6];
end
