function f = pham4(N)
f=[
    -8 48/N 48/N 64/N 0 0 0 -4*1i 0 0;
    54/N -6 0 0 64/N 32/N 0 -2/N*1i -6*1i 0;
    18/N 0 -6 0 0 32/N 0 2/N*1i 0 -2*1i;
    32/N 0 0 -8 16/N 16/N 0 4/N*1i 0 0;
    0 36/N 0 20/N -4 0 48/N 0 0 0;
    0 18/N 54/N 20/N 0 -4 48/N 0 6/N*1i 2/N*1i;
    0 0 0 0 20/N 20/N 0 0 0 0;
    4*1i 8/N*1i 0 8/N*1i 0 0 0 0 48/N 16/N;
    2/N*1i 2*1i 0 0 8/N*1i 0 0 22/N 6 0;
    2/N*1i 0 6*1i 0 0 8/N*1i 0 22/N 0 6];
end
