function f = pham5(N)
f=[
    -10 64/N 64/N 96/N 96/N 0 0 0 0 0 0 0 -4*1i -2*1i 0 0 0 0 0 0 0;
    72/N -8 0 0 0 96/N 48/N 64/N 0 0 0 0 0 -4/N*1i -4*1i 0 0 0 0 0 0;
    18/N 0 -8 0 0 0 48/N 0 64/N 0 0 0 2/N*1i 0 0 -2*1i 0 0 0 0 0;
    48/N 0 0 -10 0 16/N 0 32/N 64/N 0 0 0 2/N*1i 2/N*1i 0 0 -6*1i 0 0 0 0;
    32/N 0 0 0 -10 0 16/N 32/N 0 0 0 0 0 4/N*1i 0 0 0 -2*1i 0 0 0;
    0 54/N 0 20/N 0 -6 0 0 0 96/N 32/N 0 0 0 -2/N*1i 0 0 0 -6*1i 0 0;
    0 18/N 72/N 0 20/N 0 -6 0 0 0 64/N 0 0 0 2/N*1i 0 0 0 0 -2*1i 0;
    0 32/N 0 36/N 54/N 0 0 -8 0 48/N 32/N 0 0 0 4/N*1i 0 0 2/N*1i 0 0 0;
    0 0 32/N 18/N 0 0 0 0 -8 0 16/N 0 0 0 0 2/N*1i 6/N*1i 0 0 0 0;
    0 0 0 0 0 36/N 0 20/N 0 -4 0 64/N 0 0 0 0 0 0 0 0 0;
    0 0 0 0 0 18/N 54/N 20/N 40/N 0 -4 96/N 0 0 0 0 0 0 6/N*1i 2/N*1i 0;
    0 0 0 0 0 0 0 0 0 20/N 20/N 0 0 0 0 0 0 0 0 0 0;
    4*1i 8/N*1i 0 8/N*1i 12/N*1i 0 0 0 0 0 0 0 2 -4 32/N 16/N 120/N 40/N 0 0 -10*1i;
    2*1i 4/N*1i 0 8/N*1i 0 0 0 0 0 0 0 0 -4 -2 32/N 16/N -24/N -8/N 0 0 0;
    4/N*1i 4*1i 0 0 0 16/N*1i 0 8/N*1i 0 0 0 0 36/N 44/N 0 0 0 0 96/N 16/N 0;
    2/N*1i 0 8*1i 0 0 0 12/N*1i 0 16/N*1i 0 0 0 18/N 22/N 0 0 0 0 0 32/N 10/N*1i;
    2/N*1i 0 0 2*1i 0 0 0 4/N*1i 0 0 0 0 20/N 0 0 0 2 0 16/N 0 10/N*1i;
    4/N*1i 0 0 0 6*1i 0 0 8/N*1i 0 0 0 0 40/N 0 0 0 0 2 0 16/N 0;
    0 2/N*1i 0 0 0 2*1i 0 0 0 12/N*1i 0 0 0 0 22/N 0 20/N 0 6 0 0;
    0 2/N*1i 8/N*1i 0 0 0 6*1i 0 0 0 16/N*1i 0 0 0 22/N 44/N 0 20/N 0 6 0;
    0 0 0 0 0 0 0 0 0 0 0 0 2*1i 0 4/N*1i 0 0 4/N*1i 0 0 10];
end
