function f = ham3(N)
f=[
    66-60/N 88/N 88/N 0 6*1i;
    44/N 44-60/N 0 88/N 0;
    22/N 0 44-60/N 44/N -6/N*1i;
    0 0 0 -60/N 0;
    -2*1i -4/N*1i 0 0 54-60/N];
end
