function f = ham3(N)
f=[
    6 88/N 88/N 0 6*1i;
    84/N 4 0 88/N 0;
    42/N 0 4 44/N -6/N*1i;
    0 40/N 40/N 0 0;
    -2*1i -4/N*1i 0 0 -6];
end
