function f = ham4(N)
f=[
    8 132/N 132/N 176/N 0 0 0 4*1i 0 0;
    126/N 6 0 0 176/N 88/N 0 2/N*1i 6*1i 0;
    42/N 0 6 0 0 88/N 0 -2/N*1i 0 2*1i;
    88/N 0 0 8 44/N 44/N 0 -4/N*1i 0 0;
    0 84/N 0 40/N 4 0 132/N 0 0 0;
    0 42/N 126/N 40/N 0 4 132/N 0 -6/N*1i -2/N*1i;
    0 0 0 0 40/N 40/N 0 0 0 0;
    -4*1i -8/N*1i 0 -8/N*1i 0 0 0 0 132/N 44/N;
    -2/N*1i -2*1i 0 0 -8/N*1i 0 0 38/N -6 0;
    -2/N*1i 0 -6*1i 0 0 -8/N*1i 0 38/N 0 -6];
end
