function f = ham5(N)
f=[
    10 176/N 176/N 264/N 264/N 0 0 0 0 0 0 0 4*1i 2*1i 0 0 0 0 0 0 0;
    168/N 8 0 0 0 264/N 132/N 176/N 0 0 0 0 0 4/N*1i 4*1i 0 0 0 0 0 0;
    42/N 0 8 0 0 0 132/N 0 176/N 0 0 0 -2/N*1i 0 0 2*1i 0 0 0 0 0;
    132/N 0 0 10 0 44/N 0 88/N 176/N 0 0 0 -2/N*1i -2/N*1i 0 0 6*1i 0 0 0 0;
    88/N 0 0 0 10 0 44/N 88/N 0 0 0 0 0 -4/N*1i 0 0 0 2*1i 0 0 0;
    0 126/N 0 40/N 0 6 0 0 0 264/N 88/N 0 0 0 2/N*1i 0 0 0 6*1i 0 0;
    0 42/N 168/N 0 40/N 0 6 0 0 0 176/N 0 0 0 -2/N*1i 0 0 0 0 2*1i 0;
    0 88/N 0 84/N 126/N 0 0 8 0 132/N 88/N 0 0 0 -4/N*1i 0 0 -2/N*1i 0 0 0;
    0 0 88/N 42/N 0 0 0 0 8 0 44/N 0 0 0 0 -2/N*1i -6/N*1i 0 0 0 0;
    0 0 0 0 0 84/N 0 40/N 0 4 0 176/N 0 0 0 0 0 0 0 0 0;
    0 0 0 0 0 42/N 126/N 40/N 80/N 0 4 264/N 0 0 0 0 0 0 -6/N*1i -2/N*1i 0;
    0 0 0 0 0 0 0 0 0 40/N 40/N 0 0 0 0 0 0 0 0 0 0;
    -4*1i -8/N*1i 0 -8/N*1i -12/N*1i 0 0 0 0 0 0 0 -2 4 88/N 44/N 240/N 80/N 0 0 10*1i;
    -2*1i -4/N*1i 0 -8/N*1i 0 0 0 0 0 0 0 0 4 2 88/N 44/N 24/N 8/N 0 0 0;
    -4/N*1i -4*1i 0 0 0 -16/N*1i 0 -8/N*1i 0 0 0 0 84/N 76/N 0 0 0 0 264/N 44/N 0;
    -2/N*1i 0 -8*1i 0 0 0 -12/N*1i 0 -16/N*1i 0 0 0 42/N 38/N 0 0 0 0 0 88/N -10/N*1i;
    -2/N*1i 0 0 -2*1i 0 0 0 -4/N*1i 0 0 0 0 40/N 0 0 0 -2 0 44/N 0 -10/N*1i;
    -4/N*1i 0 0 0 -6*1i 0 0 -8/N*1i 0 0 0 0 80/N 0 0 0 0 -2 0 44/N 0;
    0 -2/N*1i 0 0 0 -2*1i 0 0 0 -12/N*1i 0 0 0 0 38/N 0 40/N 0 -6 0 0;
    0 -2/N*1i -8/N*1i 0 0 0 -6*1i 0 0 0 -16/N*1i 0 0 0 38/N 76/N 0 40/N 0 -6 0;
    0 0 0 0 0 0 0 0 0 0 0 0 -2*1i 0 -4/N*1i 0 0 -4/N*1i 0 0 -10];
end
