function f = pham3(N)
f=[
    -6 72/N 72/N 0 -6*1i;
    76/N -4 0 72/N 0;
    38/N 0 -4 36/N 6/N*1i;
    0 40/N 40/N 0 0;
    2*1i 4/N*1i 0 0 6];
end
