function f = pham4(N)
f=[
    -8 108/N 108/N 144/N 0 0 0 -4*1i 0 0;
    114/N -6 0 0 144/N 72/N 0 -2/N*1i -6*1i 0;
    38/N 0 -6 0 0 72/N 0 2/N*1i 0 -2*1i;
    72/N 0 0 -8 36/N 36/N 0 4/N*1i 0 0;
    0 76/N 0 40/N -4 0 108/N 0 0 0;
    0 38/N 114/N 40/N 0 -4 108/N 0 6/N*1i 2/N*1i;
    0 0 0 0 40/N 40/N 0 0 0 0;
    4*1i 8/N*1i 0 8/N*1i 0 0 0 0 108/N 36/N;
    2/N*1i 2*1i 0 0 8/N*1i 0 0 42/N 6 0;
    2/N*1i 0 6*1i 0 0 8/N*1i 0 42/N 0 6];
end
