function f = pham5(N)
f=[
    -10 144/N 144/N 216/N 216/N 0 0 0 0 0 0 0 -4*1i -2*1i 0 0 0 0 0 0 0;
    152/N -8 0 0 0 216/N 108/N 144/N 0 0 0 0 0 -4/N*1i -4*1i 0 0 0 0 0 0;
    38/N 0 -8 0 0 0 108/N 0 144/N 0 0 0 2/N*1i 0 0 -2*1i 0 0 0 0 0;
    108/N 0 0 -10 0 36/N 0 72/N 144/N 0 0 0 2/N*1i 2/N*1i 0 0 -6*1i 0 0 0 0;
    72/N 0 0 0 -10 0 36/N 72/N 0 0 0 0 0 4/N*1i 0 0 0 -2*1i 0 0 0;
    0 114/N 0 40/N 0 -6 0 0 0 216/N 72/N 0 0 0 -2/N*1i 0 0 0 -6*1i 0 0;
    0 38/N 152/N 0 40/N 0 -6 0 0 0 144/N 0 0 0 2/N*1i 0 0 0 0 -2*1i 0;
    0 72/N 0 76/N 114/N 0 0 -8 0 108/N 72/N 0 0 0 4/N*1i 0 0 2/N*1i 0 0 0;
    0 0 72/N 38/N 0 0 0 0 -8 0 36/N 0 0 0 0 2/N*1i 6/N*1i 0 0 0 0;
    0 0 0 0 0 76/N 0 40/N 0 -4 0 144/N 0 0 0 0 0 0 0 0 0;
    0 0 0 0 0 38/N 114/N 40/N 80/N 0 -4 216/N 0 0 0 0 0 0 6/N*1i 2/N*1i 0;
    0 0 0 0 0 0 0 0 0 40/N 40/N 0 0 0 0 0 0 0 0 0 0;
    4*1i 8/N*1i 0 8/N*1i 12/N*1i 0 0 0 0 0 0 0 2 -4 72/N 36/N 240/N 80/N 0 0 -10*1i;
    2*1i 4/N*1i 0 8/N*1i 0 0 0 0 0 0 0 0 -4 -2 72/N 36/N -24/N -8/N 0 0 0;
    4/N*1i 4*1i 0 0 0 16/N*1i 0 8/N*1i 0 0 0 0 76/N 84/N 0 0 0 0 216/N 36/N 0;
    2/N*1i 0 8*1i 0 0 0 12/N*1i 0 16/N*1i 0 0 0 38/N 42/N 0 0 0 0 0 72/N 10/N*1i;
    2/N*1i 0 0 2*1i 0 0 0 4/N*1i 0 0 0 0 40/N 0 0 0 2 0 36/N 0 10/N*1i;
    4/N*1i 0 0 0 6*1i 0 0 8/N*1i 0 0 0 0 80/N 0 0 0 0 2 0 36/N 0;
    0 2/N*1i 0 0 0 2*1i 0 0 0 12/N*1i 0 0 0 0 42/N 0 40/N 0 6 0 0;
    0 2/N*1i 8/N*1i 0 0 0 6*1i 0 0 0 16/N*1i 0 0 0 42/N 84/N 0 40/N 0 6 0;
    0 0 0 0 0 0 0 0 0 0 0 0 2*1i 0 4/N*1i 0 0 4/N*1i 0 0 10];
end
