function f = ham3(N)
f=[
    36-30/N 48/N 0 2*1i 0;
    36/N 24-30/N 72/N -2/N*1i 0;
    0 0 -30/N 0 0;
    -6*1i -8/N*1i 0 24-30/N 4/N;
    0 0 0 4/N 24-30/N];
end
