function f = pham3(N)
f=[
    -6/N 0 0 0 -6*1i;
    0 -6/N 0 0 0;
    0 0 -6/N 0 6/N*1i;
    0 0 0 -6/N 0;
    2*1i 4/N*1i 0 0 12-6/N];
end
