function f = pham3(N)
f=[
    24-30/N 0 0 0 -6*1i;
    -16/N 16-30/N 0 0 0;
    -8/N 0 16-30/N 0 6/N*1i;
    0 -16/N -16/N -30/N 0;
    2*1i 4/N*1i 0 0 36-30/N];
end
