function f = pham4(N)
f=[
    32-40/N 48/N 48/N 64/N 0 0 0 -4*1i 0 0;
    24/N 24-40/N 0 0 64/N 32/N 0 -2/N*1i -6*1i 0;
    8/N 0 24-40/N 0 0 32/N 0 2/N*1i 0 -2*1i;
    32/N 0 0 32-40/N 16/N 16/N 0 4/N*1i 0 0;
    0 16/N 0 0 16-40/N 0 48/N 0 0 0;
    0 8/N 24/N 0 0 16-40/N 48/N 0 6/N*1i 2/N*1i;
    0 0 0 0 0 0 -40/N 0 0 0;
    4*1i 8/N*1i 0 8/N*1i 0 0 0 40-40/N 48/N 16/N;
    2/N*1i 2*1i 0 0 8/N*1i 0 0 12/N 36-40/N 0;
    2/N*1i 0 6*1i 0 0 8/N*1i 0 12/N 0 36-40/N];
end
