function f = deltaHam3(N)
f=[
    0 8/N 0 0 0;
    12/N 0 12/N 0 0;
    0 4/N 0 0 0;
    0 0 0 0 0;
    0 0 0 0 0];
end
