function f = norm7(N)
A=[
    7+490/N^2+3283/N^4+1260/N^6, 42/N+1470/N^3+3528/N^5, 70/N+1750/N^3+3220/N^5, 84/N+1680/N^3+3276/N^5, 210/N^2+3150/N^4+1680/N^6, 336/N^2+3360/N^4+1344/N^6, 378/N^2+3150/N^4+1512/N^6, 504/N^2+3360/N^4+1176/N^6, 840/N^3+4200/N^5, 1260/N^3+3780/N^5, 1680/N^3+3360/N^5, 2520/N^4+2520/N^6, 3360/N^4+1680/N^6, 5040/N^5, 5040/N^6;
    42/N+1470/N^3+3528/N^5, 6+390/N^2+3204/N^4+1440/N^6, 300/N^2+3300/N^4+1440/N^6, 360/N^2+3240/N^4+1440/N^6, 60/N+1500/N^3+3480/N^5, 48/N+1440/N^3+3552/N^5, 54/N+1530/N^3+3456/N^5, 1440/N^3+3600/N^5, 360/N^2+3240/N^4+1440/N^6, 360/N^2+3240/N^4+1440/N^6, 240/N^2+3360/N^4+1440/N^6, 1440/N^3+3600/N^5, 1440/N^3+3600/N^5, 3600/N^4+1440/N^6, 5040/N^5;
    70/N+1750/N^3+3220/N^5, 300/N^2+3300/N^4+1440/N^6, 10+550/N^2+3280/N^4+1200/N^6, 480/N^2+3360/N^4+1200/N^6, 10/N+1150/N^3+3880/N^5, 40/N+1480/N^3+3520/N^5, 1440/N^3+3600/N^5, 120/N+1800/N^3+3120/N^5, 120/N^2+3000/N^4+1920/N^6, 180/N^2+3180/N^4+1680/N^6, 480/N^2+3120/N^4+1440/N^6, 720/N^3+4320/N^5, 960/N^3+4080/N^5, 2640/N^4+2400/N^6, 5040/N^5;
    84/N+1680/N^3+3276/N^5, 360/N^2+3240/N^4+1440/N^6, 480/N^2+3360/N^4+1200/N^6, 12+504/N^2+3228/N^4+1296/N^6, 1200/N^3+3840/N^5, 24/N+1560/N^3+3456/N^5, 72/N+1440/N^3+3528/N^5, 48/N+1800/N^3+3192/N^5, 24/N^2+3000/N^4+2016/N^6, 216/N^2+3240/N^4+1584/N^6, 288/N^2+3600/N^4+1152/N^6, 360/N^3+4680/N^5, 960/N^3+4080/N^5, 2160/N^4+2880/N^6, 5040/N^5;
    210/N^2+3150/N^4+1680/N^6, 60/N+1500/N^3+3480/N^5, 10/N+1150/N^3+3880/N^5, 1200/N^3+3840/N^5, 10+550/N^2+3280/N^4+1200/N^6, 360/N^2+3240/N^4+1440/N^6, 360/N^2+3240/N^4+1440/N^6, 120/N^2+3240/N^4+1680/N^6, 120/N+2040/N^3+2880/N^5, 60/N+1740/N^3+3240/N^5, 1440/N^3+3600/N^5, 720/N^2+3600/N^4+720/N^6, 480/N^2+3600/N^4+960/N^6, 2400/N^3+2640/N^5, 5040/N^4;
    336/N^2+3360/N^4+1344/N^6, 48/N+1440/N^3+3552/N^5, 40/N+1480/N^3+3520/N^5, 24/N+1560/N^3+3456/N^5, 360/N^2+3240/N^4+1440/N^6, 8+344/N^2+3152/N^4+1536/N^6, 360/N^2+3240/N^4+1440/N^6, 384/N^2+3120/N^4+1536/N^6, 24/N+1560/N^3+3456/N^5, 48/N+1440/N^3+3552/N^5, 96/N+1200/N^3+3744/N^5, 288/N^2+3600/N^4+1152/N^6, 384/N^2+3120/N^4+1536/N^6, 1680/N^3+3360/N^5, 5040/N^4;
    378/N^2+3150/N^4+1512/N^6, 54/N+1530/N^3+3456/N^5, 1440/N^3+3600/N^5, 72/N+1440/N^3+3528/N^5, 360/N^2+3240/N^4+1440/N^6, 360/N^2+3240/N^4+1440/N^6, 18+414/N^2+3312/N^4+1296/N^6, 144/N^2+3600/N^4+1296/N^6, 1440/N^3+3600/N^5, 72/N+1440/N^3+3528/N^5, 1440/N^3+3600/N^5, 144/N^2+3600/N^4+1296/N^6, 432/N^2+2880/N^4+1728/N^6, 1440/N^3+3600/N^5, 5040/N^4;
    504/N^2+3360/N^4+1176/N^6, 1440/N^3+3600/N^5, 120/N+1800/N^3+3120/N^5, 48/N+1800/N^3+3192/N^5, 120/N^2+3240/N^4+1680/N^6, 384/N^2+3120/N^4+1536/N^6, 144/N^2+3600/N^4+1296/N^6, 24+648/N^2+3216/N^4+1152/N^6, 960/N^3+4080/N^5, 24/N+1080/N^3+3936/N^5, 144/N+1440/N^3+3456/N^5, 72/N^2+3240/N^4+1728/N^6, 336/N^2+2400/N^4+2304/N^6, 1200/N^3+3840/N^5, 5040/N^4;
    840/N^3+4200/N^5, 360/N^2+3240/N^4+1440/N^6, 120/N^2+3000/N^4+1920/N^6, 24/N^2+3000/N^4+2016/N^6, 120/N+2040/N^3+2880/N^5, 24/N+1560/N^3+3456/N^5, 1440/N^3+3600/N^5, 960/N^3+4080/N^5, 24+984/N^2+3456/N^4+576/N^6, 576/N^2+3600/N^4+864/N^6, 288/N^2+3600/N^4+1152/N^6, 288/N+2880/N^3+1872/N^5, 96/N+2640/N^3+2304/N^5, 1440/N^2+3600/N^4, 5040/N^3;
    1260/N^3+3780/N^5, 360/N^2+3240/N^4+1440/N^6, 180/N^2+3180/N^4+1680/N^6, 216/N^2+3240/N^4+1584/N^6, 60/N+1740/N^3+3240/N^5, 48/N+1440/N^3+3552/N^5, 72/N+1440/N^3+3528/N^5, 24/N+1080/N^3+3936/N^5, 576/N^2+3600/N^4+864/N^6, 12+504/N^2+3228/N^4+1296/N^6, 432/N^2+2880/N^4+1728/N^6, 72/N+2520/N^3+2448/N^5, 144/N+1920/N^3+2976/N^5, 960/N^2+4080/N^4, 5040/N^3;
    1680/N^3+3360/N^5, 240/N^2+3360/N^4+1440/N^6, 480/N^2+3120/N^4+1440/N^6, 288/N^2+3600/N^4+1152/N^6, 1440/N^3+3600/N^5, 96/N+1200/N^3+3744/N^5, 1440/N^3+3600/N^5, 144/N+1440/N^3+3456/N^5, 288/N^2+3600/N^4+1152/N^6, 432/N^2+2880/N^4+1728/N^6, 48+576/N^2+2112/N^4+2304/N^6, 2160/N^3+2880/N^5, 144/N+1440/N^3+3456/N^5, 720/N^2+4320/N^4, 5040/N^3;
    2520/N^4+2520/N^6, 1440/N^3+3600/N^5, 720/N^3+4320/N^5, 360/N^3+4680/N^5, 720/N^2+3600/N^4+720/N^6, 288/N^2+3600/N^4+1152/N^6, 144/N^2+3600/N^4+1296/N^6, 72/N^2+3240/N^4+1728/N^6, 288/N+2880/N^3+1872/N^5, 72/N+2520/N^3+2448/N^5, 2160/N^3+2880/N^5, 72+1800/N^2+3168/N^4, 1440/N^2+3600/N^4, 720/N+4320/N^3, 5040/N^2;
    3360/N^4+1680/N^6, 1440/N^3+3600/N^5, 960/N^3+4080/N^5, 960/N^3+4080/N^5, 480/N^2+3600/N^4+960/N^6, 384/N^2+3120/N^4+1536/N^6, 432/N^2+2880/N^4+1728/N^6, 336/N^2+2400/N^4+2304/N^6, 96/N+2640/N^3+2304/N^5, 144/N+1920/N^3+2976/N^5, 144/N+1440/N^3+3456/N^5, 1440/N^2+3600/N^4, 48+960/N^2+4032/N^4, 480/N+4560/N^3, 5040/N^2;
    5040/N^5, 3600/N^4+1440/N^6, 2640/N^4+2400/N^6, 2160/N^4+2880/N^6, 2400/N^3+2640/N^5, 1680/N^3+3360/N^5, 1440/N^3+3600/N^5, 1200/N^3+3840/N^5, 1440/N^2+3600/N^4, 960/N^2+4080/N^4, 720/N^2+4320/N^4, 720/N+4320/N^3, 480/N+4560/N^3, 240+4800/N^2, 5040/N;
    5040/N^6, 5040/N^5, 5040/N^5, 5040/N^5, 5040/N^4, 5040/N^4, 5040/N^4, 5040/N^4, 5040/N^3, 5040/N^3, 5040/N^3, 5040/N^2, 5040/N^2, 5040/N, 5040
];

