function f = norm4(N)
A=[
    4+20/N^2, 12/N+12/N^3, 16/N+8/N^3, 24/N^2, 24/N^3, 0, 0, 0, 0, 0;
    12/N+12/N^3, 3+21/N^2, 24/N^2, 12/N+12/N^3, 24/N^2, 0, 0, 0, 0, 0;
    16/N+8/N^3, 24/N^2, 8+16/N^2, 8/N+16/N^3, 24/N^2, 0, 0, 0, 0, 0;
    24/N^2, 12/N+12/N^3, 8/N+16/N^3, 4+20/N^2, 24/N, 0, 0, 0, 0, 0;
    24/N^3, 24/N^2, 24/N^2, 24/N, 24, 0, 0, 0, 0, 0;
    0, 0, 0, 0, 0, 1-1/N^2, 2/N-2/N^3, 0, 0, 0;
    0, 0, 0, 0, 0, 2/N-2/N^3, 1-1/N^2, 0, 0, 0;
    0, 0, 0, 0, 0, 0, 0, 1-1/N^2, 2/N-2/N^3, 0;
    0, 0, 0, 0, 0, 0, 0, 2/N-2/N^3, 1-1/N^2, 0;
    0, 0, 0, 0, 0, 0, 0, 0, 0, 3-3/N^2
];

f=A;
end
