function f = norm3(N)
A=[
    3+3/N^2, 6/N, 6/N^2, 0, 0;
    6/N, 2+4/N^2, 6/N, 0, 0;
    6/N^2, 6/N, 6, 0, 0;
    0, 0, 0, 1-1/N^2, 0;
    0, 0, 0, 0, 1-1/N^2
];

f=A;
end
