function f = ham3(N)
f=[
    6/N 0 0 2*1i 0;
    0 6/N 0 -2/N*1i 0;
    0 0 6/N 0 0;
    -6*1i -8/N*1i 0 -12+6/N 4/N;
    0 0 0 4/N 6/N];
end
