function f = ham3(N)
f=[
    -54+60/N 0 0 0 6*1i;
    36/N -36+60/N 0 0 0;
    18/N 0 -36+60/N 0 -6/N*1i;
    0 36/N 36/N 60/N 0;
    -2*1i -4/N*1i 0 0 -66+60/N];
end
