function f = pham5(N)
f=[
    90-100/N 144/N 144/N 216/N 216/N 0 0 0 0 0 0 0 -4*1i -2*1i 0 0 0 0 0 0 0;
    72/N 72-100/N 0 0 0 216/N 108/N 144/N 0 0 0 0 0 -4/N*1i -4*1i 0 0 0 0 0 0;
    18/N 0 72-100/N 0 0 0 108/N 0 144/N 0 0 0 2/N*1i 0 0 -2*1i 0 0 0 0 0;
    108/N 0 0 90-100/N 0 36/N 0 72/N 144/N 0 0 0 2/N*1i 2/N*1i 0 0 -6*1i 0 0 0 0;
    72/N 0 0 0 90-100/N 0 36/N 72/N 0 0 0 0 0 4/N*1i 0 0 0 -2*1i 0 0 0;
    0 54/N 0 0 0 54-100/N 0 0 0 216/N 72/N 0 0 0 -2/N*1i 0 0 0 -6*1i 0 0;
    0 18/N 72/N 0 0 0 54-100/N 0 0 0 144/N 0 0 0 2/N*1i 0 0 0 0 -2*1i 0;
    0 72/N 0 36/N 54/N 0 0 72-100/N 0 108/N 72/N 0 0 0 4/N*1i 0 0 2/N*1i 0 0 0;
    0 0 72/N 18/N 0 0 0 0 72-100/N 0 36/N 0 0 0 0 2/N*1i 6/N*1i 0 0 0 0;
    0 0 0 0 0 36/N 0 0 0 36-100/N 0 144/N 0 0 0 0 0 0 0 0 0;
    0 0 0 0 0 18/N 54/N 0 0 0 36-100/N 216/N 0 0 0 0 0 0 6/N*1i 2/N*1i 0;
    0 0 0 0 0 0 0 0 0 0 0 -100/N 0 0 0 0 0 0 0 0 0;
    4*1i 8/N*1i 0 8/N*1i 12/N*1i 0 0 0 0 0 0 0 102-100/N -4 72/N 36/N 240/N 80/N 0 0 -10*1i;
    2*1i 4/N*1i 0 8/N*1i 0 0 0 0 0 0 0 0 -4 98-100/N 72/N 36/N -24/N -8/N 0 0 0;
    4/N*1i 4*1i 0 0 0 16/N*1i 0 8/N*1i 0 0 0 0 36/N 44/N 80-100/N 0 0 0 216/N 36/N 0;
    2/N*1i 0 8*1i 0 0 0 12/N*1i 0 16/N*1i 0 0 0 18/N 22/N 0 80-100/N 0 0 0 72/N 10/N*1i;
    2/N*1i 0 0 2*1i 0 0 0 4/N*1i 0 0 0 0 40/N 0 0 0 102-100/N 0 36/N 0 10/N*1i;
    4/N*1i 0 0 0 6*1i 0 0 8/N*1i 0 0 0 0 80/N 0 0 0 0 102-100/N 0 36/N 0;
    0 2/N*1i 0 0 0 2*1i 0 0 0 12/N*1i 0 0 0 0 22/N 0 0 0 66-100/N 0 0;
    0 2/N*1i 8/N*1i 0 0 0 6*1i 0 0 0 16/N*1i 0 0 0 22/N 44/N 0 0 0 66-100/N 0;
    0 0 0 0 0 0 0 0 0 0 0 0 2*1i 0 4/N*1i 0 0 4/N*1i 0 0 110-100/N];
end
