function f = pham3(N)
f=[
    60-66/N 80/N 80/N 0 -6*1i;
    40/N 40-66/N 0 80/N 0;
    20/N 0 40-66/N 40/N 6/N*1i;
    0 0 0 -66/N 0;
    2*1i 4/N*1i 0 0 72-66/N];
end
