function f = pham4(N)
f=[
    80-88/N 0 0 0 0 0 0 -4*1i 0 0;
    -60/N 60-88/N 0 0 0 0 0 -2/N*1i -6*1i 0;
    -20/N 0 60-88/N 0 0 0 0 2/N*1i 0 -2*1i;
    0 0 0 80-88/N 0 0 0 4/N*1i 0 0;
    0 -40/N 0 -40/N 40-88/N 0 0 0 0 0;
    0 -20/N -60/N -40/N 0 40-88/N 0 0 6/N*1i 2/N*1i;
    0 0 0 0 -40/N -40/N -88/N 0 0 0;
    4*1i 8/N*1i 0 8/N*1i 0 0 0 88-88/N 0 0;
    2/N*1i 2*1i 0 0 8/N*1i 0 0 -16/N 72-88/N 0;
    2/N*1i 0 6*1i 0 0 8/N*1i 0 -16/N 0 72-88/N];
end
