function f = pham4(N)
f=[
    72-80/N 108/N 108/N 144/N 0 0 0 -4*1i 0 0;
    54/N 54-80/N 0 0 144/N 72/N 0 -2/N*1i -6*1i 0;
    18/N 0 54-80/N 0 0 72/N 0 2/N*1i 0 -2*1i;
    72/N 0 0 72-80/N 36/N 36/N 0 4/N*1i 0 0;
    0 36/N 0 0 36-80/N 0 108/N 0 0 0;
    0 18/N 54/N 0 0 36-80/N 108/N 0 6/N*1i 2/N*1i;
    0 0 0 0 0 0 -80/N 0 0 0;
    4*1i 8/N*1i 0 8/N*1i 0 0 0 80-80/N 108/N 36/N;
    2/N*1i 2*1i 0 0 8/N*1i 0 0 22/N 66-80/N 0;
    2/N*1i 0 6*1i 0 0 8/N*1i 0 22/N 0 66-80/N];
end
