function f = pham4(N)
f=[
    80-88/N 120/N 120/N 160/N 0 0 0 -4*1i 0 0;
    60/N 60-88/N 0 0 160/N 80/N 0 -2/N*1i -6*1i 0;
    20/N 0 60-88/N 0 0 80/N 0 2/N*1i 0 -2*1i;
    80/N 0 0 80-88/N 40/N 40/N 0 4/N*1i 0 0;
    0 40/N 0 0 40-88/N 0 120/N 0 0 0;
    0 20/N 60/N 0 0 40-88/N 120/N 0 6/N*1i 2/N*1i;
    0 0 0 0 0 0 -88/N 0 0 0;
    4*1i 8/N*1i 0 8/N*1i 0 0 0 88-88/N 120/N 40/N;
    2/N*1i 2*1i 0 0 8/N*1i 0 0 24/N 72-88/N 0;
    2/N*1i 0 6*1i 0 0 8/N*1i 0 24/N 0 72-88/N];
end
