function f = ham3(N)
f=[
    6 0 0 0 6*1i;
    -4/N 4 0 0 0;
    -2/N 0 4 0 -6/N*1i;
    0 -4/N -4/N 0 0;
    -2*1i -4/N*1i 0 0 -6];
end
