function f = ham4(N)
f=[
    8 132/N 176/N 0 0 2*1i 0 0 0 0;
    168/N 6 0 176/N 0 0 2*1i 0 0 0;
    88/N 0 8 44/N 0 -2/N*1i 0 0 0 0;
    0 126/N 80/N 4 264/N 0 -2/N*1i 0 0 0;
    0 0 0 40/N 0 0 0 0 0 0;
    -8*1i -12/N*1i -16/N*1i 0 0 0 88/N 4/N 0 0;
    -8/N*1i -6*1i 0 -16/N*1i 0 76/N -6 0 4/N 0;
    0 0 0 0 0 4/N 0 6 88/N 6*1i;
    0 0 0 0 0 0 4/N 84/N 4 0;
    0 0 0 0 0 0 0 -2*1i -4/N*1i -6];
end
