function f = ham4(N)
f=[
    88-80/N 132/N 176/N 0 0 2*1i 0 0 0 0;
    88/N 66-80/N 0 176/N 0 0 2*1i 0 0 0;
    88/N 0 88-80/N 44/N 0 -2/N*1i 0 0 0 0;
    0 66/N 0 44-80/N 264/N 0 -2/N*1i 0 0 0;
    0 0 0 0 -80/N 0 0 0 0 0;
    -8*1i -12/N*1i -16/N*1i 0 0 80-80/N 88/N 4/N 0 0;
    -8/N*1i -6*1i 0 -16/N*1i 0 36/N 54-80/N 0 4/N 0;
    0 0 0 0 0 4/N 0 66-80/N 88/N 6*1i;
    0 0 0 0 0 0 4/N 44/N 44-80/N 0;
    0 0 0 0 0 0 0 -2*1i -4/N*1i 54-80/N];
end
