function f = pham4(N)
f=[
    -8 108/N 144/N 0 0 -2*1i 0 0 0 0;
    152/N -6 0 144/N 0 0 -2*1i 0 0 0;
    72/N 0 -8 36/N 0 2/N*1i 0 0 0 0;
    0 114/N 80/N -4 216/N 0 2/N*1i 0 0 0;
    0 0 0 40/N 0 0 0 0 0 0;
    8*1i 12/N*1i 16/N*1i 0 0 0 72/N -4/N 0 0;
    8/N*1i 6*1i 0 16/N*1i 0 84/N 6 0 -4/N 0;
    0 0 0 0 0 -4/N 0 -6 72/N -6*1i;
    0 0 0 0 0 0 -4/N 76/N -4 0;
    0 0 0 0 0 0 0 2*1i 4/N*1i 6];
end
