function f = pham3(N)
f=[
    -6 72/N 0 -2*1i 0;
    114/N -4 108/N 2/N*1i 0;
    0 40/N 0 0 0;
    6*1i 8/N*1i 0 6 -4/N;
    0 0 0 -4/N -4];
end
