function f = ham3(N)
f=[
    -60+66/N -80/N 0 2*1i 0;
    -60/N -40+66/N -120/N -2/N*1i 0;
    0 0 66/N 0 0;
    -6*1i -8/N*1i 0 -72+66/N 4/N;
    0 0 0 4/N -40+66/N];
end
