function f = ham4(N)
f=[
    -80+88/N 0 0 0 0 2*1i 0 0 0 0;
    80/N -60+88/N 0 0 0 0 2*1i 0 0 0;
    0 0 -80+88/N 0 0 -2/N*1i 0 0 0 0;
    0 60/N 80/N -40+88/N 0 0 -2/N*1i 0 0 0;
    0 0 0 40/N 88/N 0 0 0 0 0;
    -8*1i -12/N*1i -16/N*1i 0 0 -88+88/N 0 4/N 0 0;
    -8/N*1i -6*1i 0 -16/N*1i 0 32/N -72+88/N 0 4/N 0;
    0 0 0 0 0 4/N 0 -60+88/N 0 6*1i;
    0 0 0 0 0 0 4/N 40/N -40+88/N 0;
    0 0 0 0 0 0 0 -2*1i -4/N*1i -72+88/N];
end
