function f = ham5(N)
f=[
    -100+110/N -160/N -240/N 0 0 0 0 2*1i 0 0 0 0 0 0 0 0 0 0 0 0 0;
    -100/N -80+110/N 0 -240/N -160/N 0 0 0 2/N*1i 2*1i 0 0 0 0 0 0 0 0 0 0 0;
    -200/N 0 -100+110/N -40/N -160/N 0 0 -2/N*1i -2/N*1i 0 0 2*1i 0 0 0 0 0 0 0 0 0;
    0 -80/N 0 -60+110/N 0 -240/N 0 0 0 0 0 0 0 2*1i 0 0 0 0 0 0 0;
    0 -80/N -60/N 0 -80+110/N -120/N 0 0 0 -2/N*1i 0 -2/N*1i 0 0 0 0 0 0 0 0 0;
    0 0 0 -60/N 0 -40+110/N -400/N 0 0 0 0 0 0 -2/N*1i 0 0 0 0 0 0 0;
    0 0 0 0 0 0 110/N 0 0 0 0 0 0 0 0 0 0 0 0 0 0;
    -10*1i -16/N*1i -24/N*1i 0 0 0 0 -108+110/N 4 -120/N 4/N -168/N 0 0 0 0 0 4*1i 0 0 0;
    0 0 0 0 0 0 0 4 -112+110/N -40/N 0 104/N 4/N 0 0 0 0 -2*1i 0 0 0;
    -10/N*1i -8*1i 0 -24/N*1i -16/N*1i 0 0 -64/N -28/N -88+110/N 0 0 0 -160/N 4/N 0 0 -2/N*1i 0 0 0;
    0 0 0 0 0 0 0 4/N 0 0 -80+110/N 0 0 0 -120/N -160/N 0 0 4*1i 0 0;
    -10/N*1i 0 -6*1i 0 -16/N*1i 0 0 -88/N 44/N 0 0 -112+110/N 0 -40/N 0 4/N 0 -6/N*1i 0 0 0;
    0 0 0 0 0 0 0 0 4/N 0 0 0 -100+110/N 0 -40/N 80/N 0 0 0 6*1i 0;
    0 -8/N*1i 0 -6*1i 0 -24/N*1i 0 0 0 -48/N 0 0 0 -72+110/N 0 0 4/N 0 0 0 0;
    0 0 0 0 0 0 0 0 0 4/N -60/N 0 0 0 -60+110/N 0 -160/N 0 2/N*1i 0 6*1i;
    0 0 0 0 0 0 0 0 0 0 -80/N 4/N 20/N 0 0 -80+110/N -40/N 0 -4/N*1i 6/N*1i 0;
    0 0 0 0 0 0 0 0 0 0 0 0 0 4/N -40/N 0 -40+110/N 0 0 0 0;
    0 0 0 0 0 0 0 -4*1i 2*1i -8/N*1i 0 -8/N*1i 0 0 0 0 0 -120+110/N 4/N -12/N 0;
    0 0 0 0 0 0 0 0 0 0 -4*1i 0 0 0 -8/N*1i -8/N*1i 0 4/N -88+110/N 0 -120/N;
    0 0 0 0 0 0 0 0 0 0 0 0 -2*1i 0 0 0 0 -4/N 0 -112+110/N -40/N;
    0 0 0 0 0 0 0 0 0 0 -2/N*1i 0 0 0 -2*1i 0 -8/N*1i 0 -24/N 0 -72+110/N];
end
