function f = pham3(N)
f=[
    60-66/N 0 0 -2*1i 0;
    -60/N 40-66/N 0 2/N*1i 0;
    0 -40/N -66/N 0 0;
    6*1i 8/N*1i 0 72-66/N -4/N;
    0 0 0 -4/N 40-66/N];
end
