function f = pham5(N)
f=[
    90-100/N 144/N 216/N 0 0 0 0 -2*1i 0 0 0 0 0 0 0 0 0 0 0 0 0;
    90/N 72-100/N 0 216/N 144/N 0 0 0 -2/N*1i -2*1i 0 0 0 0 0 0 0 0 0 0 0;
    180/N 0 90-100/N 36/N 144/N 0 0 2/N*1i 2/N*1i 0 0 -2*1i 0 0 0 0 0 0 0 0 0;
    0 72/N 0 54-100/N 0 216/N 0 0 0 0 0 0 0 -2*1i 0 0 0 0 0 0 0;
    0 72/N 54/N 0 72-100/N 108/N 0 0 0 2/N*1i 0 2/N*1i 0 0 0 0 0 0 0 0 0;
    0 0 0 54/N 0 36-100/N 360/N 0 0 0 0 0 0 2/N*1i 0 0 0 0 0 0 0;
    0 0 0 0 0 0 -100/N 0 0 0 0 0 0 0 0 0 0 0 0 0 0;
    10*1i 16/N*1i 24/N*1i 0 0 0 0 98-100/N -4 108/N -4/N 152/N 0 0 0 0 0 -4*1i 0 0 0;
    0 0 0 0 0 0 0 -4 102-100/N 36/N 0 -96/N -4/N 0 0 0 0 2*1i 0 0 0;
    10/N*1i 8*1i 0 24/N*1i 16/N*1i 0 0 58/N 26/N 80-100/N 0 0 0 144/N -4/N 0 0 2/N*1i 0 0 0;
    0 0 0 0 0 0 0 -4/N 0 0 72-100/N 0 0 0 108/N 144/N 0 0 -4*1i 0 0;
    10/N*1i 0 6*1i 0 16/N*1i 0 0 80/N -40/N 0 0 102-100/N 0 36/N 0 -4/N 0 6/N*1i 0 0 0;
    0 0 0 0 0 0 0 0 -4/N 0 0 0 90-100/N 0 36/N -72/N 0 0 0 -6*1i 0;
    0 8/N*1i 0 6*1i 0 24/N*1i 0 0 0 44/N 0 0 0 66-100/N 0 0 -4/N 0 0 0 0;
    0 0 0 0 0 0 0 0 0 -4/N 54/N 0 0 0 54-100/N 0 144/N 0 -2/N*1i 0 -6*1i;
    0 0 0 0 0 0 0 0 0 0 72/N -4/N -18/N 0 0 72-100/N 36/N 0 4/N*1i -6/N*1i 0;
    0 0 0 0 0 0 0 0 0 0 0 0 0 -4/N 36/N 0 36-100/N 0 0 0 0;
    0 0 0 0 0 0 0 4*1i -2*1i 8/N*1i 0 8/N*1i 0 0 0 0 0 110-100/N -4/N 12/N 0;
    0 0 0 0 0 0 0 0 0 0 4*1i 0 0 0 8/N*1i 8/N*1i 0 -4/N 80-100/N 0 108/N;
    0 0 0 0 0 0 0 0 0 0 0 0 2*1i 0 0 0 0 4/N 0 102-100/N 36/N;
    0 0 0 0 0 0 0 0 0 0 2/N*1i 0 0 0 2*1i 0 8/N*1i 0 22/N 0 66-100/N];
end
