function f = pham4(N)
f=[
    72-80/N 108/N 144/N 0 0 -2*1i 0 0 0 0;
    72/N 54-80/N 0 144/N 0 0 -2*1i 0 0 0;
    72/N 0 72-80/N 36/N 0 2/N*1i 0 0 0 0;
    0 54/N 0 36-80/N 216/N 0 2/N*1i 0 0 0;
    0 0 0 0 -80/N 0 0 0 0 0;
    8*1i 12/N*1i 16/N*1i 0 0 80-80/N 72/N -4/N 0 0;
    8/N*1i 6*1i 0 16/N*1i 0 44/N 66-80/N 0 -4/N 0;
    0 0 0 0 0 -4/N 0 54-80/N 72/N -6*1i;
    0 0 0 0 0 0 -4/N 36/N 36-80/N 0;
    0 0 0 0 0 0 0 2*1i 4/N*1i 66-80/N];
end
