function f = pham3(N)
f=[
    54-60/N 72/N 0 -2*1i 0;
    54/N 36-60/N 108/N 2/N*1i 0;
    0 0 -60/N 0 0;
    6*1i 8/N*1i 0 66-60/N -4/N;
    0 0 0 -4/N 36-60/N];
end
